comparison_id,kind,pc,feature,link_id,axis,loading_A_abs,loading_B_reprojected_abs,jcvpca_axis,explained_variance_A,explained_variance_B_projected
651_T1_vs_T2,longitudinal,1,Chest_to_LShoulder_rx,Chest_to_LShoulder,rx,0.05600706126133172,0.02980083322384046,-0.026206228037491258,0.26037260888700514,0.29738462275391697
651_T1_vs_T2,longitudinal,1,Chest_to_LShoulder_ry,Chest_to_LShoulder,ry,0.005679129444288581,0.02127371320194459,0.015594583757656008,0.26037260888700514,0.29738462275391697
651_T1_vs_T2,longitudinal,1,Chest_to_LShoulder_rz,Chest_to_LShoulder,rz,0.07734617791274345,0.10065520707474508,0.02330902916200163,0.26037260888700514,0.29738462275391697
651_T1_vs_T2,longitudinal,1,Chest_to_Neck_rx,Chest_to_Neck,rx,0.013127492666957253,0.012159159314002932,-0.0009683333529543203,0.26037260888700514,0.29738462275391697
651_T1_vs_T2,longitudinal,1,Chest_to_Neck_ry,Chest_to_Neck,ry,0.0890432614581269,0.003953042142862101,-0.0850902193152648,0.26037260888700514,0.29738462275391697
651_T1_vs_T2,longitudinal,1,Chest_to_Neck_rz,Chest_to_Neck,rz,0.012853005769384291,0.023907731890709837,0.011054726121325546,0.26037260888700514,0.29738462275391697
651_T1_vs_T2,longitudinal,1,Chest_to_RShoulder_rx,Chest_to_RShoulder,rx,0.09306314604069751,0.01837158197847009,-0.07469156406222742,0.26037260888700514,0.29738462275391697
651_T1_vs_T2,longitudinal,1,Chest_to_RShoulder_ry,Chest_to_RShoulder,ry,0.01867004893085261,0.02451515999363398,0.0058451110627813704,0.26037260888700514,0.29738462275391697
651_T1_vs_T2,longitudinal,1,Chest_to_RShoulder_rz,Chest_to_RShoulder,rz,0.08842671517654718,0.038395495505689374,-0.05003121967085781,0.26037260888700514,0.29738462275391697
651_T1_vs_T2,longitudinal,1,LFArm_to_LHand_rx,LFArm_to_LHand,rx,0.06907676142317251,0.04835645612168063,-0.02072030530149188,0.26037260888700514,0.29738462275391697
651_T1_vs_T2,longitudinal,1,LFArm_to_LHand_ry,LFArm_to_LHand,ry,0.055637745208606926,0.17546827446266336,0.11983052925405643,0.26037260888700514,0.29738462275391697
651_T1_vs_T2,longitudinal,1,LFArm_to_LHand_rz,LFArm_to_LHand,rz,0.03316496458629416,0.6069076555785654,0.5737426909922713,0.26037260888700514,0.29738462275391697
651_T1_vs_T2,longitudinal,1,LShin_to_LFoot_rx,LShin_to_LFoot,rx,0.003632111015659521,0.007805422997111771,0.00417331198145225,0.26037260888700514,0.29738462275391697
651_T1_vs_T2,longitudinal,1,LShin_to_LFoot_ry,LShin_to_LFoot,ry,0.11981794221101326,0.008218191652498232,-0.11159975055851502,0.26037260888700514,0.29738462275391697
651_T1_vs_T2,longitudinal,1,LShin_to_LFoot_rz,LShin_to_LFoot,rz,0.02662118748665172,0.0005064647812902426,-0.026114722705361477,0.26037260888700514,0.29738462275391697
651_T1_vs_T2,longitudinal,1,LShoulder_to_LUArm_rx,LShoulder_to_LUArm,rx,0.10652867304044289,0.030739218701041456,-0.07578945433940143,0.26037260888700514,0.29738462275391697
651_T1_vs_T2,longitudinal,1,LShoulder_to_LUArm_ry,LShoulder_to_LUArm,ry,0.06396718162450865,0.02959260842519895,-0.0343745731993097,0.26037260888700514,0.29738462275391697
651_T1_vs_T2,longitudinal,1,LShoulder_to_LUArm_rz,LShoulder_to_LUArm,rz,0.014743467588765942,0.09403316744281956,0.07928969985405362,0.26037260888700514,0.29738462275391697
651_T1_vs_T2,longitudinal,1,LThigh_to_LShin_rx,LThigh_to_LShin,rx,0.027679142898515266,0.03337726549532209,0.005698122596806826,0.26037260888700514,0.29738462275391697
651_T1_vs_T2,longitudinal,1,LThigh_to_LShin_ry,LThigh_to_LShin,ry,8.370412212546618e-09,3.633291606315974e-09,-4.737120606230644e-09,0.26037260888700514,0.29738462275391697
651_T1_vs_T2,longitudinal,1,LThigh_to_LShin_rz,LThigh_to_LShin,rz,1.2397581278302763e-08,6.890676304091248e-09,-5.506904974211515e-09,0.26037260888700514,0.29738462275391697
651_T1_vs_T2,longitudinal,1,LUArm_to_LFArm_rx,LUArm_to_LFArm,rx,0.18449135346138762,0.27470228205046293,0.09021092858907531,0.26037260888700514,0.29738462275391697
651_T1_vs_T2,longitudinal,1,LUArm_to_LFArm_ry,LUArm_to_LFArm,ry,0.526692365575288,0.26634348129161783,-0.26034888428367015,0.26037260888700514,0.29738462275391697
651_T1_vs_T2,longitudinal,1,LUArm_to_LFArm_rz,LUArm_to_LFArm,rz,0.11767260961243105,0.2992532266170123,0.18158061700458128,0.26037260888700514,0.29738462275391697
651_T1_vs_T2,longitudinal,1,Neck_to_Head_rx,Neck_to_Head,rx,0.013127501899261434,0.012159159654105304,-0.0009683422451561303,0.26037260888700514,0.29738462275391697
651_T1_vs_T2,longitudinal,1,Neck_to_Head_ry,Neck_to_Head,ry,0.08904324939176794,0.00395302924763803,-0.08509022014412991,0.26037260888700514,0.29738462275391697
651_T1_vs_T2,longitudinal,1,Neck_to_Head_rz,Neck_to_Head,rz,0.012853001928521542,0.023907735208830987,0.011054733280309445,0.26037260888700514,0.29738462275391697
651_T1_vs_T2,longitudinal,1,RFArm_to_RHand_rx,RFArm_to_RHand,rx,0.16402300099737518,0.04991356125646164,-0.11410943974091355,0.26037260888700514,0.29738462275391697
651_T1_vs_T2,longitudinal,1,RFArm_to_RHand_ry,RFArm_to_RHand,ry,0.0050017204285982666,0.21024236535743038,0.20524064492883212,0.26037260888700514,0.29738462275391697
651_T1_vs_T2,longitudinal,1,RFArm_to_RHand_rz,RFArm_to_RHand,rz,0.5710966005906016,0.19630782370933705,-0.37478877688126455,0.26037260888700514,0.29738462275391697
651_T1_vs_T2,longitudinal,1,RShin_to_RFoot_rx,RShin_to_RFoot,rx,0.023628272576121562,0.003298358667486782,-0.02032991390863478,0.26037260888700514,0.29738462275391697
651_T1_vs_T2,longitudinal,1,RShin_to_RFoot_ry,RShin_to_RFoot,ry,0.09272031542155676,0.04149880750346186,-0.0512215079180949,0.26037260888700514,0.29738462275391697
651_T1_vs_T2,longitudinal,1,RShin_to_RFoot_rz,RShin_to_RFoot,rz,0.0009370738227781265,0.014534463514475316,0.013597389691697189,0.26037260888700514,0.29738462275391697
651_T1_vs_T2,longitudinal,1,RShoulder_to_RUArm_rx,RShoulder_to_RUArm,rx,0.22344247153737146,0.025598278804477986,-0.19784419273289347,0.26037260888700514,0.29738462275391697
651_T1_vs_T2,longitudinal,1,RShoulder_to_RUArm_ry,RShoulder_to_RUArm,ry,0.010631935422101009,0.041969893639246456,0.03133795821714545,0.26037260888700514,0.29738462275391697
651_T1_vs_T2,longitudinal,1,RShoulder_to_RUArm_rz,RShoulder_to_RUArm,rz,0.1114910361398058,0.0005692781659931218,-0.11092175797381267,0.26037260888700514,0.29738462275391697
651_T1_vs_T2,longitudinal,1,RThigh_to_RShin_rx,RThigh_to_RShin,rx,0.12660964366010427,0.05026874558803496,-0.07634089807206931,0.26037260888700514,0.29738462275391697
651_T1_vs_T2,longitudinal,1,RThigh_to_RShin_ry,RThigh_to_RShin,ry,1.5382293763281207e-10,1.5747844149184687e-08,1.5594021211551876e-08,0.26037260888700514,0.29738462275391697
651_T1_vs_T2,longitudinal,1,RThigh_to_RShin_rz,RThigh_to_RShin,rz,4.944906851198512e-09,9.786106122219201e-09,4.841199271020689e-09,0.26037260888700514,0.29738462275391697
651_T1_vs_T2,longitudinal,1,RUArm_to_RFArm_rx,RUArm_to_RFArm,rx,0.2104426699497598,0.15914031323575978,-0.05130235671400002,0.26037260888700514,0.29738462275391697
651_T1_vs_T2,longitudinal,1,RUArm_to_RFArm_ry,RUArm_to_RFArm,ry,0.23371001290678317,0.45886926218319996,0.22515924927641678,0.26037260888700514,0.29738462275391697
651_T1_vs_T2,longitudinal,1,RUArm_to_RFArm_rz,RUArm_to_RFArm,rz,0.22822645646316617,0.08554215036884755,-0.14268430609431862,0.26037260888700514,0.29738462275391697
651_T1_vs_T2,longitudinal,2,Chest_to_LShoulder_rx,Chest_to_LShoulder,rx,0.06580465432323657,0.04205928630855146,-0.023745368014685103,0.202705568905654,0.23108547125474846
651_T1_vs_T2,longitudinal,2,Chest_to_LShoulder_ry,Chest_to_LShoulder,ry,0.03154700693586045,0.0011940472464728638,-0.030352959689387584,0.202705568905654,0.23108547125474846
651_T1_vs_T2,longitudinal,2,Chest_to_LShoulder_rz,Chest_to_LShoulder,rz,0.2073267516779008,0.05712907841235476,-0.15019767326554603,0.202705568905654,0.23108547125474846
651_T1_vs_T2,longitudinal,2,Chest_to_Neck_rx,Chest_to_Neck,rx,0.07013745460726983,0.027934134742325804,-0.04220331986494403,0.202705568905654,0.23108547125474846
651_T1_vs_T2,longitudinal,2,Chest_to_Neck_ry,Chest_to_Neck,ry,0.014261634861753983,0.08907822958637686,0.07481659472462288,0.202705568905654,0.23108547125474846
651_T1_vs_T2,longitudinal,2,Chest_to_Neck_rz,Chest_to_Neck,rz,0.0394075347069435,0.00904628472774969,-0.03036124997919381,0.202705568905654,0.23108547125474846
651_T1_vs_T2,longitudinal,2,Chest_to_RShoulder_rx,Chest_to_RShoulder,rx,0.022680246807146708,0.08832893460516857,0.06564868779802185,0.202705568905654,0.23108547125474846
651_T1_vs_T2,longitudinal,2,Chest_to_RShoulder_ry,Chest_to_RShoulder,ry,0.017837675673471713,0.02286848011688789,0.005030804443416175,0.202705568905654,0.23108547125474846
651_T1_vs_T2,longitudinal,2,Chest_to_RShoulder_rz,Chest_to_RShoulder,rz,0.027980788942914413,0.10987765964533064,0.08189687070241622,0.202705568905654,0.23108547125474846
651_T1_vs_T2,longitudinal,2,LFArm_to_LHand_rx,LFArm_to_LHand,rx,0.2384844969913423,0.09062533434764136,-0.14785916264370094,0.202705568905654,0.23108547125474846
651_T1_vs_T2,longitudinal,2,LFArm_to_LHand_ry,LFArm_to_LHand,ry,0.0361992310745101,0.029201962699291283,-0.006997268375218815,0.202705568905654,0.23108547125474846
651_T1_vs_T2,longitudinal,2,LFArm_to_LHand_rz,LFArm_to_LHand,rz,0.18512826005349073,0.03324819275017689,-0.15188006730331383,0.202705568905654,0.23108547125474846
651_T1_vs_T2,longitudinal,2,LShin_to_LFoot_rx,LShin_to_LFoot,rx,0.01435842665759942,0.007755426073830527,-0.006603000583768893,0.202705568905654,0.23108547125474846
651_T1_vs_T2,longitudinal,2,LShin_to_LFoot_ry,LShin_to_LFoot,ry,0.03872534529785706,0.11859067160165523,0.07986532630379817,0.202705568905654,0.23108547125474846
651_T1_vs_T2,longitudinal,2,LShin_to_LFoot_rz,LShin_to_LFoot,rz,0.03843752441164322,0.03468311966654698,-0.0037544047450962376,0.202705568905654,0.23108547125474846
651_T1_vs_T2,longitudinal,2,LShoulder_to_LUArm_rx,LShoulder_to_LUArm,rx,0.029888283242590925,0.07311854665148969,0.04323026340889877,0.202705568905654,0.23108547125474846
651_T1_vs_T2,longitudinal,2,LShoulder_to_LUArm_ry,LShoulder_to_LUArm,ry,0.1260890931682576,0.0886423511844662,-0.03744674198379139,0.202705568905654,0.23108547125474846
651_T1_vs_T2,longitudinal,2,LShoulder_to_LUArm_rz,LShoulder_to_LUArm,rz,0.3581965740885589,0.022797845903758607,-0.33539872818480027,0.202705568905654,0.23108547125474846
651_T1_vs_T2,longitudinal,2,LThigh_to_LShin_rx,LThigh_to_LShin,rx,0.15468667824229143,0.06076621254130332,-0.09392046570098811,0.202705568905654,0.23108547125474846
651_T1_vs_T2,longitudinal,2,LThigh_to_LShin_ry,LThigh_to_LShin,ry,1.3745634154461037e-08,8.544328240501374e-09,-5.2013059139596634e-09,0.202705568905654,0.23108547125474846
651_T1_vs_T2,longitudinal,2,LThigh_to_LShin_rz,LThigh_to_LShin,rz,8.453075231276292e-09,1.2089219250334238e-08,3.6361440190579467e-09,0.202705568905654,0.23108547125474846
651_T1_vs_T2,longitudinal,2,LUArm_to_LFArm_rx,LUArm_to_LFArm,rx,0.08760553321897574,0.18428166549299574,0.09667613227402,0.202705568905654,0.23108547125474846
651_T1_vs_T2,longitudinal,2,LUArm_to_LFArm_ry,LUArm_to_LFArm,ry,0.19678141054103881,0.5673377613517402,0.3705563508107014,0.202705568905654,0.23108547125474846
651_T1_vs_T2,longitudinal,2,LUArm_to_LFArm_rz,LUArm_to_LFArm,rz,0.06558474684902928,0.12476030360474842,0.059175556755719144,0.202705568905654,0.23108547125474846
651_T1_vs_T2,longitudinal,2,Neck_to_Head_rx,Neck_to_Head,rx,0.07013745993254679,0.027934147595659806,-0.04220331233688698,0.202705568905654,0.23108547125474846
651_T1_vs_T2,longitudinal,2,Neck_to_Head_ry,Neck_to_Head,ry,0.014261623492266812,0.08907822179324042,0.0748165983009736,0.202705568905654,0.23108547125474846
651_T1_vs_T2,longitudinal,2,Neck_to_Head_rz,Neck_to_Head,rz,0.03940749482257285,0.009046286516222328,-0.030361208306350522,0.202705568905654,0.23108547125474846
651_T1_vs_T2,longitudinal,2,RFArm_to_RHand_rx,RFArm_to_RHand,rx,0.04489495154855382,0.13692230857439375,0.09202735702583992,0.202705568905654,0.23108547125474846
651_T1_vs_T2,longitudinal,2,RFArm_to_RHand_ry,RFArm_to_RHand,ry,0.14920774121732305,0.0100398134287907,-0.13916792778853235,0.202705568905654,0.23108547125474846
651_T1_vs_T2,longitudinal,2,RFArm_to_RHand_rz,RFArm_to_RHand,rz,0.15474781340139238,0.5586979238473617,0.40395011044596935,0.202705568905654,0.23108547125474846
651_T1_vs_T2,longitudinal,2,RShin_to_RFoot_rx,RShin_to_RFoot,rx,0.02987229389404628,0.031013336570744794,0.001141042676698515,0.202705568905654,0.23108547125474846
651_T1_vs_T2,longitudinal,2,RShin_to_RFoot_ry,RShin_to_RFoot,ry,0.018676523962304802,0.07846128848943341,0.05978476452712861,0.202705568905654,0.23108547125474846
651_T1_vs_T2,longitudinal,2,RShin_to_RFoot_rz,RShin_to_RFoot,rz,0.03756175645824179,0.007870455662103062,-0.02969130079613873,0.202705568905654,0.23108547125474846
651_T1_vs_T2,longitudinal,2,RShoulder_to_RUArm_rx,RShoulder_to_RUArm,rx,0.049210818318873736,0.1949176818053524,0.14570686348647865,0.202705568905654,0.23108547125474846
651_T1_vs_T2,longitudinal,2,RShoulder_to_RUArm_ry,RShoulder_to_RUArm,ry,0.059065960803701335,0.021242695535212613,-0.037823265268488726,0.202705568905654,0.23108547125474846
651_T1_vs_T2,longitudinal,2,RShoulder_to_RUArm_rz,RShoulder_to_RUArm,rz,0.06015034160539626,0.1410703167617631,0.08091997515636684,0.202705568905654,0.23108547125474846
651_T1_vs_T2,longitudinal,2,RThigh_to_RShin_rx,RThigh_to_RShin,rx,0.2219146226251829,0.17841660716414823,-0.043498015461034684,0.202705568905654,0.23108547125474846
651_T1_vs_T2,longitudinal,2,RThigh_to_RShin_ry,RThigh_to_RShin,ry,2.5791641632335088e-08,2.8926390777875186e-09,-2.289900255454757e-08,0.202705568905654,0.23108547125474846
651_T1_vs_T2,longitudinal,2,RThigh_to_RShin_rz,RThigh_to_RShin,rz,5.4522919185029535e-09,5.023124723910763e-10,-4.949979446111877e-09,0.202705568905654,0.23108547125474846
651_T1_vs_T2,longitudinal,2,RUArm_to_RFArm_rx,RUArm_to_RFArm,rx,0.04242506884643085,0.22139393013628314,0.1789688612898523,0.202705568905654,0.23108547125474846
651_T1_vs_T2,longitudinal,2,RUArm_to_RFArm_ry,RUArm_to_RFArm,ry,0.7123400721918128,0.1298564681716337,-0.5824836040201791,0.202705568905654,0.23108547125474846
651_T1_vs_T2,longitudinal,2,RUArm_to_RFArm_rz,RUArm_to_RFArm,rz,0.04978513980097398,0.22008026203630843,0.17029512223533444,0.202705568905654,0.23108547125474846
651_T1_vs_T2,longitudinal,3,Chest_to_LShoulder_rx,Chest_to_LShoulder,rx,0.026752581833590416,0.02318716479211802,-0.0035654170414723962,0.1575725074809777,0.16716578932446616
651_T1_vs_T2,longitudinal,3,Chest_to_LShoulder_ry,Chest_to_LShoulder,ry,0.04751764526776192,0.0012900533384068362,-0.046227591929355084,0.1575725074809777,0.16716578932446616
651_T1_vs_T2,longitudinal,3,Chest_to_LShoulder_rz,Chest_to_LShoulder,rz,0.02092422682992852,0.20166402563811833,0.1807397988081898,0.1575725074809777,0.16716578932446616
651_T1_vs_T2,longitudinal,3,Chest_to_Neck_rx,Chest_to_Neck,rx,0.034132090873502614,0.03143758805768547,-0.0026945028158171444,0.1575725074809777,0.16716578932446616
651_T1_vs_T2,longitudinal,3,Chest_to_Neck_ry,Chest_to_Neck,ry,0.023388941344075577,0.03818439352738922,0.014795452183313643,0.1575725074809777,0.16716578932446616
651_T1_vs_T2,longitudinal,3,Chest_to_Neck_rz,Chest_to_Neck,rz,0.008798456986387024,0.03133217243598511,0.022533715449598084,0.1575725074809777,0.16716578932446616
651_T1_vs_T2,longitudinal,3,Chest_to_RShoulder_rx,Chest_to_RShoulder,rx,0.01157816417791422,0.004478855193245231,-0.007099308984668989,0.1575725074809777,0.16716578932446616
651_T1_vs_T2,longitudinal,3,Chest_to_RShoulder_ry,Chest_to_RShoulder,ry,0.035667529500938044,0.010174729918525431,-0.025492799582412615,0.1575725074809777,0.16716578932446616
651_T1_vs_T2,longitudinal,3,Chest_to_RShoulder_rz,Chest_to_RShoulder,rz,0.12786842510448157,0.04283041581161792,-0.08503800929286365,0.1575725074809777,0.16716578932446616
651_T1_vs_T2,longitudinal,3,LFArm_to_LHand_rx,LFArm_to_LHand,rx,0.11781564246335037,0.38473932262527777,0.2669236801619274,0.1575725074809777,0.16716578932446616
651_T1_vs_T2,longitudinal,3,LFArm_to_LHand_ry,LFArm_to_LHand,ry,0.041917388199769305,0.17192938632046387,0.13001199812069456,0.1575725074809777,0.16716578932446616
651_T1_vs_T2,longitudinal,3,LFArm_to_LHand_rz,LFArm_to_LHand,rz,0.6938925904720724,0.19647761661016244,-0.49741497386190997,0.1575725074809777,0.16716578932446616
651_T1_vs_T2,longitudinal,3,LShin_to_LFoot_rx,LShin_to_LFoot,rx,0.008254541513059517,8.280350376232543e-05,-0.008171738009297193,0.1575725074809777,0.16716578932446616
651_T1_vs_T2,longitudinal,3,LShin_to_LFoot_ry,LShin_to_LFoot,ry,0.03434098201172621,0.10992571444769578,0.07558473243596957,0.1575725074809777,0.16716578932446616
651_T1_vs_T2,longitudinal,3,LShin_to_LFoot_rz,LShin_to_LFoot,rz,0.03293240832079427,0.031358722295073575,-0.0015736860257206942,0.1575725074809777,0.16716578932446616
651_T1_vs_T2,longitudinal,3,LShoulder_to_LUArm_rx,LShoulder_to_LUArm,rx,0.13510648462749467,0.08262854818913207,-0.0524779364383626,0.1575725074809777,0.16716578932446616
651_T1_vs_T2,longitudinal,3,LShoulder_to_LUArm_ry,LShoulder_to_LUArm,ry,0.14338555249394208,0.03435520280777768,-0.1090303496861644,0.1575725074809777,0.16716578932446616
651_T1_vs_T2,longitudinal,3,LShoulder_to_LUArm_rz,LShoulder_to_LUArm,rz,0.03042068208272209,0.31492922152165037,0.2845085394389283,0.1575725074809777,0.16716578932446616
651_T1_vs_T2,longitudinal,3,LThigh_to_LShin_rx,LThigh_to_LShin,rx,0.08671154512926758,0.09069259033371446,0.003981045204446879,0.1575725074809777,0.16716578932446616
651_T1_vs_T2,longitudinal,3,LThigh_to_LShin_ry,LThigh_to_LShin,ry,1.3745636903108234e-09,1.764469624860554e-08,1.6270132558294717e-08,0.1575725074809777,0.16716578932446616
651_T1_vs_T2,longitudinal,3,LThigh_to_LShin_rz,LThigh_to_LShin,rz,5.784152204601523e-09,2.0147542118455e-08,1.4363389913853476e-08,0.1575725074809777,0.16716578932446616
651_T1_vs_T2,longitudinal,3,LUArm_to_LFArm_rx,LUArm_to_LFArm,rx,0.09360093333310314,0.14904137587649519,0.055440442543392046,0.1575725074809777,0.16716578932446616
651_T1_vs_T2,longitudinal,3,LUArm_to_LFArm_ry,LUArm_to_LFArm,ry,0.46388906399035373,0.4403615637502732,-0.023527500240080546,0.1575725074809777,0.16716578932446616
651_T1_vs_T2,longitudinal,3,LUArm_to_LFArm_rz,LUArm_to_LFArm,rz,0.08469968669873917,0.13772070699333686,0.05302102029459768,0.1575725074809777,0.16716578932446616
651_T1_vs_T2,longitudinal,3,Neck_to_Head_rx,Neck_to_Head,rx,0.03413211567134706,0.03143761104093235,-0.002694504630414707,0.1575725074809777,0.16716578932446616
651_T1_vs_T2,longitudinal,3,Neck_to_Head_ry,Neck_to_Head,ry,0.023388953489959848,0.03818435386151978,0.014795400371559936,0.1575725074809777,0.16716578932446616
651_T1_vs_T2,longitudinal,3,Neck_to_Head_rz,Neck_to_Head,rz,0.0087984835510288,0.03133210807008335,0.02253362451905455,0.1575725074809777,0.16716578932446616
651_T1_vs_T2,longitudinal,3,RFArm_to_RHand_rx,RFArm_to_RHand,rx,0.12577152281192314,0.10442431926255882,-0.021347203549364313,0.1575725074809777,0.16716578932446616
651_T1_vs_T2,longitudinal,3,RFArm_to_RHand_ry,RFArm_to_RHand,ry,0.09704583710597064,0.062312861855127764,-0.03473297525084288,0.1575725074809777,0.16716578932446616
651_T1_vs_T2,longitudinal,3,RFArm_to_RHand_rz,RFArm_to_RHand,rz,0.311587179831695,0.12342058787835887,-0.18816659195333613,0.1575725074809777,0.16716578932446616
651_T1_vs_T2,longitudinal,3,RShin_to_RFoot_rx,RShin_to_RFoot,rx,0.018042196914325164,0.010285901633398077,-0.007756295280927087,0.1575725074809777,0.16716578932446616
651_T1_vs_T2,longitudinal,3,RShin_to_RFoot_ry,RShin_to_RFoot,ry,0.010767569291261185,0.07018307381202826,0.059415504520767076,0.1575725074809777,0.16716578932446616
651_T1_vs_T2,longitudinal,3,RShin_to_RFoot_rz,RShin_to_RFoot,rz,0.014297995853717967,0.026011620968099947,0.01171362511438198,0.1575725074809777,0.16716578932446616
651_T1_vs_T2,longitudinal,3,RShoulder_to_RUArm_rx,RShoulder_to_RUArm,rx,0.1497135276315952,0.05946494680146434,-0.09024858083013088,0.1575725074809777,0.16716578932446616
651_T1_vs_T2,longitudinal,3,RShoulder_to_RUArm_ry,RShoulder_to_RUArm,ry,0.05796488620807949,0.02826737264288436,-0.029697513565195132,0.1575725074809777,0.16716578932446616
651_T1_vs_T2,longitudinal,3,RShoulder_to_RUArm_rz,RShoulder_to_RUArm,rz,0.14120641109466694,0.037926447743941646,-0.1032799633507253,0.1575725074809777,0.16716578932446616
651_T1_vs_T2,longitudinal,3,RThigh_to_RShin_rx,RThigh_to_RShin,rx,0.15117790596792197,0.12042772043653623,-0.03075018553138574,0.1575725074809777,0.16716578932446616
651_T1_vs_T2,longitudinal,3,RThigh_to_RShin_ry,RThigh_to_RShin,ry,5.234780260559963e-09,1.7981730795200257e-08,1.2746950534640293e-08,0.1575725074809777,0.16716578932446616
651_T1_vs_T2,longitudinal,3,RThigh_to_RShin_rz,RThigh_to_RShin,rz,2.6810375723268063e-08,4.2339403882108724e-11,-2.6768036319385956e-08,0.1575725074809777,0.16716578932446616
651_T1_vs_T2,longitudinal,3,RUArm_to_RFArm_rx,RUArm_to_RFArm,rx,0.04714976472394269,0.24629854122222145,0.19914877649827875,0.1575725074809777,0.16716578932446616
651_T1_vs_T2,longitudinal,3,RUArm_to_RFArm_ry,RUArm_to_RFArm,ry,0.0027082671153002146,0.39895919799805096,0.39625093088275076,0.1575725074809777,0.16716578932446616
651_T1_vs_T2,longitudinal,3,RUArm_to_RFArm_rz,RUArm_to_RFArm,rz,0.06036140539954997,0.3072064555991686,0.2468450501996186,0.1575725074809777,0.16716578932446616
651_T1_vs_T2,longitudinal,4,Chest_to_LShoulder_rx,Chest_to_LShoulder,rx,0.00828669161400547,0.06644149309732947,0.058154801483324,0.09198914336285859,0.1477396451301452
651_T1_vs_T2,longitudinal,4,Chest_to_LShoulder_ry,Chest_to_LShoulder,ry,0.039059545182048176,0.05702118110542976,0.017961635923381583,0.09198914336285859,0.1477396451301452
651_T1_vs_T2,longitudinal,4,Chest_to_LShoulder_rz,Chest_to_LShoulder,rz,0.028015640497034304,0.034218400268063796,0.006202759771029492,0.09198914336285859,0.1477396451301452
651_T1_vs_T2,longitudinal,4,Chest_to_Neck_rx,Chest_to_Neck,rx,0.00998446119665004,0.042693649426975434,0.0327091882303254,0.09198914336285859,0.1477396451301452
651_T1_vs_T2,longitudinal,4,Chest_to_Neck_ry,Chest_to_Neck,ry,0.0380795309996737,0.01354445610619889,-0.02453507489347481,0.09198914336285859,0.1477396451301452
651_T1_vs_T2,longitudinal,4,Chest_to_Neck_rz,Chest_to_Neck,rz,0.003159915817978262,0.005091235178514602,0.0019313193605363398,0.09198914336285859,0.1477396451301452
651_T1_vs_T2,longitudinal,4,Chest_to_RShoulder_rx,Chest_to_RShoulder,rx,0.009545563130238991,0.05287372179453435,0.04332815866429535,0.09198914336285859,0.1477396451301452
651_T1_vs_T2,longitudinal,4,Chest_to_RShoulder_ry,Chest_to_RShoulder,ry,0.04600559272163807,0.03373056022080852,-0.01227503250082955,0.09198914336285859,0.1477396451301452
651_T1_vs_T2,longitudinal,4,Chest_to_RShoulder_rz,Chest_to_RShoulder,rz,0.008850236780787453,0.13335036703652106,0.12450013025573362,0.09198914336285859,0.1477396451301452
651_T1_vs_T2,longitudinal,4,LFArm_to_LHand_rx,LFArm_to_LHand,rx,0.3216891257302408,0.21896249746928745,-0.10272662826095333,0.09198914336285859,0.1477396451301452
651_T1_vs_T2,longitudinal,4,LFArm_to_LHand_ry,LFArm_to_LHand,ry,0.3336526549014719,0.2367050028519915,-0.09694765204948039,0.09198914336285859,0.1477396451301452
651_T1_vs_T2,longitudinal,4,LFArm_to_LHand_rz,LFArm_to_LHand,rz,0.24732233664697403,0.3984865707801062,0.15116423413313215,0.09198914336285859,0.1477396451301452
651_T1_vs_T2,longitudinal,4,LShin_to_LFoot_rx,LShin_to_LFoot,rx,0.005563430454848618,0.015341010727220196,0.009777580272371578,0.09198914336285859,0.1477396451301452
651_T1_vs_T2,longitudinal,4,LShin_to_LFoot_ry,LShin_to_LFoot,ry,0.06838325410873564,0.011772388035201016,-0.05661086607353462,0.09198914336285859,0.1477396451301452
651_T1_vs_T2,longitudinal,4,LShin_to_LFoot_rz,LShin_to_LFoot,rz,0.012954949838854335,0.03427340318680779,0.02131845334795346,0.09198914336285859,0.1477396451301452
651_T1_vs_T2,longitudinal,4,LShoulder_to_LUArm_rx,LShoulder_to_LUArm,rx,0.11186885631155206,0.23573053964034502,0.12386168332879295,0.09198914336285859,0.1477396451301452
651_T1_vs_T2,longitudinal,4,LShoulder_to_LUArm_ry,LShoulder_to_LUArm,ry,0.058326004186832564,0.182189935981089,0.12386393179425645,0.09198914336285859,0.1477396451301452
651_T1_vs_T2,longitudinal,4,LShoulder_to_LUArm_rz,LShoulder_to_LUArm,rz,0.05916163021742516,0.07620766072694145,0.017046030509516287,0.09198914336285859,0.1477396451301452
651_T1_vs_T2,longitudinal,4,LThigh_to_LShin_rx,LThigh_to_LShin,rx,0.02488217860974844,0.11343033977241475,0.08854816116266631,0.09198914336285859,0.1477396451301452
651_T1_vs_T2,longitudinal,4,LThigh_to_LShin_ry,LThigh_to_LShin,ry,5.718654391289349e-10,1.2385411640158952e-09,6.666757248869603e-10,0.09198914336285859,0.1477396451301452
651_T1_vs_T2,longitudinal,4,LThigh_to_LShin_rz,LThigh_to_LShin,rz,1.1585345391278234e-08,5.676641737748184e-09,-5.90870365353005e-09,0.09198914336285859,0.1477396451301452
651_T1_vs_T2,longitudinal,4,LUArm_to_LFArm_rx,LUArm_to_LFArm,rx,0.49090281400170765,0.10402080638653123,-0.38688200761517644,0.09198914336285859,0.1477396451301452
651_T1_vs_T2,longitudinal,4,LUArm_to_LFArm_ry,LUArm_to_LFArm,ry,0.15035953508730626,0.25246882012365934,0.10210928503635308,0.09198914336285859,0.1477396451301452
651_T1_vs_T2,longitudinal,4,LUArm_to_LFArm_rz,LUArm_to_LFArm,rz,0.5258378680925248,0.14112838066631672,-0.38470948742620803,0.09198914336285859,0.1477396451301452
651_T1_vs_T2,longitudinal,4,Neck_to_Head_rx,Neck_to_Head,rx,0.009984414293849728,0.0426936753360919,0.03270926104224217,0.09198914336285859,0.1477396451301452
651_T1_vs_T2,longitudinal,4,Neck_to_Head_ry,Neck_to_Head,ry,0.03807955726970747,0.01354449010657168,-0.02453506716313579,0.09198914336285859,0.1477396451301452
651_T1_vs_T2,longitudinal,4,Neck_to_Head_rz,Neck_to_Head,rz,0.003159894772549108,0.005091214125373458,0.0019313193528243504,0.09198914336285859,0.1477396451301452
651_T1_vs_T2,longitudinal,4,RFArm_to_RHand_rx,RFArm_to_RHand,rx,0.07348402952838354,0.2889880011073243,0.21550397157894077,0.09198914336285859,0.1477396451301452
651_T1_vs_T2,longitudinal,4,RFArm_to_RHand_ry,RFArm_to_RHand,ry,0.01341472501961086,0.08869999777956132,0.07528527275995046,0.09198914336285859,0.1477396451301452
651_T1_vs_T2,longitudinal,4,RFArm_to_RHand_rz,RFArm_to_RHand,rz,0.2904066460451351,0.3237340473872662,0.03332740134213108,0.09198914336285859,0.1477396451301452
651_T1_vs_T2,longitudinal,4,RShin_to_RFoot_rx,RShin_to_RFoot,rx,0.003513683717046683,0.016363024986864556,0.012849341269817873,0.09198914336285859,0.1477396451301452
651_T1_vs_T2,longitudinal,4,RShin_to_RFoot_ry,RShin_to_RFoot,ry,0.016532347265739575,0.02854960491560737,0.012017257649867795,0.09198914336285859,0.1477396451301452
651_T1_vs_T2,longitudinal,4,RShin_to_RFoot_rz,RShin_to_RFoot,rz,0.01336754750807999,0.02546640754372315,0.01209886003564316,0.09198914336285859,0.1477396451301452
651_T1_vs_T2,longitudinal,4,RShoulder_to_RUArm_rx,RShoulder_to_RUArm,rx,0.08176966774826977,0.29922594039682243,0.21745627264855266,0.09198914336285859,0.1477396451301452
651_T1_vs_T2,longitudinal,4,RShoulder_to_RUArm_ry,RShoulder_to_RUArm,ry,0.08520999054095703,0.039843246730558085,-0.04536674381039894,0.09198914336285859,0.1477396451301452
651_T1_vs_T2,longitudinal,4,RShoulder_to_RUArm_rz,RShoulder_to_RUArm,rz,0.06405138593835283,0.18055985329424531,0.11650846735589249,0.09198914336285859,0.1477396451301452
651_T1_vs_T2,longitudinal,4,RThigh_to_RShin_rx,RThigh_to_RShin,rx,0.07618534855812446,0.18622446201539386,0.1100391134572694,0.09198914336285859,0.1477396451301452
651_T1_vs_T2,longitudinal,4,RThigh_to_RShin_ry,RThigh_to_RShin,ry,1.7194111261546572e-09,2.7624128823602223e-09,1.0430017562055652e-09,0.09198914336285859,0.1477396451301452
651_T1_vs_T2,longitudinal,4,RThigh_to_RShin_rz,RThigh_to_RShin,rz,5.336626465933878e-09,2.738574291265974e-08,2.2049116446725863e-08,0.09198914336285859,0.1477396451301452
651_T1_vs_T2,longitudinal,4,RUArm_to_RFArm_rx,RUArm_to_RFArm,rx,0.007655067684173333,0.11782760503355812,0.11017253734938479,0.09198914336285859,0.1477396451301452
651_T1_vs_T2,longitudinal,4,RUArm_to_RFArm_ry,RUArm_to_RFArm,ry,0.16823617785474287,0.3545080803443015,0.1862719024895586,0.09198914336285859,0.1477396451301452
651_T1_vs_T2,longitudinal,4,RUArm_to_RFArm_rz,RUArm_to_RFArm,rz,0.09291476618588038,0.05721788514044709,-0.03569688104543329,0.09198914336285859,0.1477396451301452
651_T1_vs_T2,longitudinal,5,Chest_to_LShoulder_rx,Chest_to_LShoulder,rx,0.03771639618744262,0.04508607292116025,0.007369676733717627,0.0791483342692959,0.09971391480162993
651_T1_vs_T2,longitudinal,5,Chest_to_LShoulder_ry,Chest_to_LShoulder,ry,0.07280486423222425,0.07057125475603193,-0.002233609476192319,0.0791483342692959,0.09971391480162993
651_T1_vs_T2,longitudinal,5,Chest_to_LShoulder_rz,Chest_to_LShoulder,rz,0.09208462617436168,0.0242010725950682,-0.06788355357929349,0.0791483342692959,0.09971391480162993
651_T1_vs_T2,longitudinal,5,Chest_to_Neck_rx,Chest_to_Neck,rx,0.008739415562428377,0.04825142613276392,0.03951201057033554,0.0791483342692959,0.09971391480162993
651_T1_vs_T2,longitudinal,5,Chest_to_Neck_ry,Chest_to_Neck,ry,0.028756011570906202,0.048741785758553285,0.019985774187647083,0.0791483342692959,0.09971391480162993
651_T1_vs_T2,longitudinal,5,Chest_to_Neck_rz,Chest_to_Neck,rz,0.009195140312040445,0.01114886774057358,0.001953727428533135,0.0791483342692959,0.09971391480162993
651_T1_vs_T2,longitudinal,5,Chest_to_RShoulder_rx,Chest_to_RShoulder,rx,0.047629905696167756,0.02413150143486737,-0.023498404261300385,0.0791483342692959,0.09971391480162993
651_T1_vs_T2,longitudinal,5,Chest_to_RShoulder_ry,Chest_to_RShoulder,ry,0.0635740793881444,0.06720115062191477,0.0036270712337703737,0.0791483342692959,0.09971391480162993
651_T1_vs_T2,longitudinal,5,Chest_to_RShoulder_rz,Chest_to_RShoulder,rz,0.10327845516329191,0.05472764752613324,-0.048550807637158674,0.0791483342692959,0.09971391480162993
651_T1_vs_T2,longitudinal,5,LFArm_to_LHand_rx,LFArm_to_LHand,rx,0.18295102434749919,0.20733053556755796,0.02437951122005877,0.0791483342692959,0.09971391480162993
651_T1_vs_T2,longitudinal,5,LFArm_to_LHand_ry,LFArm_to_LHand,ry,0.15044502502997015,0.16672849700141962,0.01628347197144947,0.0791483342692959,0.09971391480162993
651_T1_vs_T2,longitudinal,5,LFArm_to_LHand_rz,LFArm_to_LHand,rz,0.1430380325478297,0.2004124028661026,0.05737437031827289,0.0791483342692959,0.09971391480162993
651_T1_vs_T2,longitudinal,5,LShin_to_LFoot_rx,LShin_to_LFoot,rx,0.007913036339931004,0.00840519063784361,0.0004921542979126059,0.0791483342692959,0.09971391480162993
651_T1_vs_T2,longitudinal,5,LShin_to_LFoot_ry,LShin_to_LFoot,ry,0.09389806642020568,0.10393015085178808,0.010032084431582405,0.0791483342692959,0.09971391480162993
651_T1_vs_T2,longitudinal,5,LShin_to_LFoot_rz,LShin_to_LFoot,rz,0.00729373886019341,0.0017736309668101179,-0.005520107893383292,0.0791483342692959,0.09971391480162993
651_T1_vs_T2,longitudinal,5,LShoulder_to_LUArm_rx,LShoulder_to_LUArm,rx,0.15671948535736532,0.02015792865956417,-0.13656155669780115,0.0791483342692959,0.09971391480162993
651_T1_vs_T2,longitudinal,5,LShoulder_to_LUArm_ry,LShoulder_to_LUArm,ry,0.18620505191374817,0.16307002168029777,-0.0231350302334504,0.0791483342692959,0.09971391480162993
651_T1_vs_T2,longitudinal,5,LShoulder_to_LUArm_rz,LShoulder_to_LUArm,rz,0.0736629100685255,0.153216199241184,0.07955328917265848,0.0791483342692959,0.09971391480162993
651_T1_vs_T2,longitudinal,5,LThigh_to_LShin_rx,LThigh_to_LShin,rx,0.006179312109859038,0.054651647884371685,0.04847233577451265,0.0791483342692959,0.09971391480162993
651_T1_vs_T2,longitudinal,5,LThigh_to_LShin_ry,LThigh_to_LShin,ry,7.289280647289812e-09,2.0093996628448853e-10,-7.088340681005324e-09,0.0791483342692959,0.09971391480162993
651_T1_vs_T2,longitudinal,5,LThigh_to_LShin_rz,LThigh_to_LShin,rz,2.733446817764736e-08,1.7310447052865164e-08,-1.0024021124782195e-08,0.0791483342692959,0.09971391480162993
651_T1_vs_T2,longitudinal,5,LUArm_to_LFArm_rx,LUArm_to_LFArm,rx,0.018235126548342393,0.3874512868191436,0.3692161602708012,0.0791483342692959,0.09971391480162993
651_T1_vs_T2,longitudinal,5,LUArm_to_LFArm_ry,LUArm_to_LFArm,ry,0.32902994988327267,0.2713020337093542,-0.05772791617391848,0.0791483342692959,0.09971391480162993
651_T1_vs_T2,longitudinal,5,LUArm_to_LFArm_rz,LUArm_to_LFArm,rz,0.014653191911108886,0.39909670290577093,0.38444351099466206,0.0791483342692959,0.09971391480162993
651_T1_vs_T2,longitudinal,5,Neck_to_Head_rx,Neck_to_Head,rx,0.008739382796468813,0.04825137592320637,0.03951199312673756,0.0791483342692959,0.09971391480162993
651_T1_vs_T2,longitudinal,5,Neck_to_Head_ry,Neck_to_Head,ry,0.028755973798335135,0.04874178646233751,0.019985812664002376,0.0791483342692959,0.09971391480162993
651_T1_vs_T2,longitudinal,5,Neck_to_Head_rz,Neck_to_Head,rz,0.009195090103569585,0.011148894270020342,0.0019538041664507576,0.0791483342692959,0.09971391480162993
651_T1_vs_T2,longitudinal,5,RFArm_to_RHand_rx,RFArm_to_RHand,rx,0.3128732336588407,0.10727703514702298,-0.2055961985118177,0.0791483342692959,0.09971391480162993
651_T1_vs_T2,longitudinal,5,RFArm_to_RHand_ry,RFArm_to_RHand,ry,0.26594640766286914,0.18621872471991963,-0.07972768294294952,0.0791483342692959,0.09971391480162993
651_T1_vs_T2,longitudinal,5,RFArm_to_RHand_rz,RFArm_to_RHand,rz,0.17900579458162424,0.3935900344444635,0.21458423986283925,0.0791483342692959,0.09971391480162993
651_T1_vs_T2,longitudinal,5,RShin_to_RFoot_rx,RShin_to_RFoot,rx,0.0009694851349968187,0.019461876403461635,0.018492391268464817,0.0791483342692959,0.09971391480162993
651_T1_vs_T2,longitudinal,5,RShin_to_RFoot_ry,RShin_to_RFoot,ry,0.06212030794702817,0.08070147856821751,0.018581170621189337,0.0791483342692959,0.09971391480162993
651_T1_vs_T2,longitudinal,5,RShin_to_RFoot_rz,RShin_to_RFoot,rz,0.004877810081288777,0.005088040042908482,0.00021022996161970502,0.0791483342692959,0.09971391480162993
651_T1_vs_T2,longitudinal,5,RShoulder_to_RUArm_rx,RShoulder_to_RUArm,rx,0.2605252667932939,0.076163172062231,-0.1843620947310629,0.0791483342692959,0.09971391480162993
651_T1_vs_T2,longitudinal,5,RShoulder_to_RUArm_ry,RShoulder_to_RUArm,ry,0.048461117838987794,0.10866758158425106,0.06020646374526327,0.0791483342692959,0.09971391480162993
651_T1_vs_T2,longitudinal,5,RShoulder_to_RUArm_rz,RShoulder_to_RUArm,rz,0.12001761111103157,0.03637803946970825,-0.08363957164132332,0.0791483342692959,0.09971391480162993
651_T1_vs_T2,longitudinal,5,RThigh_to_RShin_rx,RThigh_to_RShin,rx,0.010928887335033102,0.046204972457694664,0.03527608512266156,0.0791483342692959,0.09971391480162993
651_T1_vs_T2,longitudinal,5,RThigh_to_RShin_ry,RThigh_to_RShin,ry,4.740851805149403e-09,8.510100619438566e-09,3.769248814289163e-09,0.0791483342692959,0.09971391480162993
651_T1_vs_T2,longitudinal,5,RThigh_to_RShin_rz,RThigh_to_RShin,rz,7.957723529464465e-09,2.8291797111844226e-09,-5.128543818280042e-09,0.0791483342692959,0.09971391480162993
651_T1_vs_T2,longitudinal,5,RUArm_to_RFArm_rx,RUArm_to_RFArm,rx,0.4317542366886077,0.2316679107262362,-0.2000863259623715,0.0791483342692959,0.09971391480162993
651_T1_vs_T2,longitudinal,5,RUArm_to_RFArm_ry,RUArm_to_RFArm,ry,0.08113295340990097,0.25296865427147674,0.1718357008615758,0.0791483342692959,0.09971391480162993
651_T1_vs_T2,longitudinal,5,RUArm_to_RFArm_rz,RUArm_to_RFArm,rz,0.47387576669030845,0.2638517334677813,-0.21002403322252716,0.0791483342692959,0.09971391480162993
651_T1_vs_T2,longitudinal,6,Chest_to_LShoulder_rx,Chest_to_LShoulder,rx,0.017729618169376904,0.018610089280508023,0.0008804711111311189,0.041097269337767556,0.05691055673509324
651_T1_vs_T2,longitudinal,6,Chest_to_LShoulder_ry,Chest_to_LShoulder,ry,0.07912689896167946,0.08766571326523073,0.008538814303551273,0.041097269337767556,0.05691055673509324
651_T1_vs_T2,longitudinal,6,Chest_to_LShoulder_rz,Chest_to_LShoulder,rz,0.017827123459980342,0.05627366087882288,0.03844653741884253,0.041097269337767556,0.05691055673509324
651_T1_vs_T2,longitudinal,6,Chest_to_Neck_rx,Chest_to_Neck,rx,0.0780589092816683,0.08036431167352424,0.0023054023918559485,0.041097269337767556,0.05691055673509324
651_T1_vs_T2,longitudinal,6,Chest_to_Neck_ry,Chest_to_Neck,ry,0.06870883390974958,0.060903058621543917,-0.007805775288205662,0.041097269337767556,0.05691055673509324
651_T1_vs_T2,longitudinal,6,Chest_to_Neck_rz,Chest_to_Neck,rz,0.008539073693742676,0.013329665358831806,0.00479059166508913,0.041097269337767556,0.05691055673509324
651_T1_vs_T2,longitudinal,6,Chest_to_RShoulder_rx,Chest_to_RShoulder,rx,0.06757525147480553,0.06854050817811147,0.0009652567033059389,0.041097269337767556,0.05691055673509324
651_T1_vs_T2,longitudinal,6,Chest_to_RShoulder_ry,Chest_to_RShoulder,ry,0.051779450771626455,0.062425834364784584,0.010646383593158129,0.041097269337767556,0.05691055673509324
651_T1_vs_T2,longitudinal,6,Chest_to_RShoulder_rz,Chest_to_RShoulder,rz,0.022191215549376895,0.005528490721285765,-0.01666272482809113,0.041097269337767556,0.05691055673509324
651_T1_vs_T2,longitudinal,6,LFArm_to_LHand_rx,LFArm_to_LHand,rx,0.3524974497232228,0.29534764624438054,-0.05714980347884224,0.041097269337767556,0.05691055673509324
651_T1_vs_T2,longitudinal,6,LFArm_to_LHand_ry,LFArm_to_LHand,ry,0.10786344360782663,0.08201279574152569,-0.025850647866300938,0.041097269337767556,0.05691055673509324
651_T1_vs_T2,longitudinal,6,LFArm_to_LHand_rz,LFArm_to_LHand,rz,0.372998252510848,0.36140386153141574,-0.011594390979432267,0.041097269337767556,0.05691055673509324
651_T1_vs_T2,longitudinal,6,LShin_to_LFoot_rx,LShin_to_LFoot,rx,0.024699578205180338,0.023749930740898584,-0.0009496474642817533,0.041097269337767556,0.05691055673509324
651_T1_vs_T2,longitudinal,6,LShin_to_LFoot_ry,LShin_to_LFoot,ry,0.13872871582534466,0.11233456042652332,-0.02639415539882134,0.041097269337767556,0.05691055673509324
651_T1_vs_T2,longitudinal,6,LShin_to_LFoot_rz,LShin_to_LFoot,rz,0.008677525691471205,0.014235397245828955,0.00555787155435775,0.041097269337767556,0.05691055673509324
651_T1_vs_T2,longitudinal,6,LShoulder_to_LUArm_rx,LShoulder_to_LUArm,rx,0.05418751213915674,0.037595566290682746,-0.016591945848473996,0.041097269337767556,0.05691055673509324
651_T1_vs_T2,longitudinal,6,LShoulder_to_LUArm_ry,LShoulder_to_LUArm,ry,0.2229941273046999,0.24218139428839516,0.019187266983695273,0.041097269337767556,0.05691055673509324
651_T1_vs_T2,longitudinal,6,LShoulder_to_LUArm_rz,LShoulder_to_LUArm,rz,0.016474427309413276,0.028637367194266572,0.012162939884853296,0.041097269337767556,0.05691055673509324
651_T1_vs_T2,longitudinal,6,LThigh_to_LShin_rx,LThigh_to_LShin,rx,0.13560682211062644,0.1495812400404388,0.013974417929812355,0.041097269337767556,0.05691055673509324
651_T1_vs_T2,longitudinal,6,LThigh_to_LShin_ry,LThigh_to_LShin,ry,1.7220952914643703e-08,1.4553402564700583e-08,-2.6675503499431206e-09,0.041097269337767556,0.05691055673509324
651_T1_vs_T2,longitudinal,6,LThigh_to_LShin_rz,LThigh_to_LShin,rz,1.185166479771787e-08,1.8682513802941553e-08,6.8308490052236835e-09,0.041097269337767556,0.05691055673509324
651_T1_vs_T2,longitudinal,6,LUArm_to_LFArm_rx,LUArm_to_LFArm,rx,0.032485908742191545,0.01652619231345395,-0.015959716428737596,0.041097269337767556,0.05691055673509324
651_T1_vs_T2,longitudinal,6,LUArm_to_LFArm_ry,LUArm_to_LFArm,ry,0.3371150448436568,0.2275115280843322,-0.10960351675932459,0.041097269337767556,0.05691055673509324
651_T1_vs_T2,longitudinal,6,LUArm_to_LFArm_rz,LUArm_to_LFArm,rz,0.0680394239636415,0.05823884901811136,-0.00980057494553014,0.041097269337767556,0.05691055673509324
651_T1_vs_T2,longitudinal,6,Neck_to_Head_rx,Neck_to_Head,rx,0.07805890992858616,0.08036432247125107,0.002305412542664906,0.041097269337767556,0.05691055673509324
651_T1_vs_T2,longitudinal,6,Neck_to_Head_ry,Neck_to_Head,ry,0.06870880410983293,0.06090303693329932,-0.007805767176533612,0.041097269337767556,0.05691055673509324
651_T1_vs_T2,longitudinal,6,Neck_to_Head_rz,Neck_to_Head,rz,0.008539083100245873,0.013329657661156213,0.00479057456091034,0.041097269337767556,0.05691055673509324
651_T1_vs_T2,longitudinal,6,RFArm_to_RHand_rx,RFArm_to_RHand,rx,0.24581663539071918,0.28510877040492505,0.039292135014205865,0.041097269337767556,0.05691055673509324
651_T1_vs_T2,longitudinal,6,RFArm_to_RHand_ry,RFArm_to_RHand,ry,0.08860630197400168,0.14047682816717147,0.051870526193169786,0.041097269337767556,0.05691055673509324
651_T1_vs_T2,longitudinal,6,RFArm_to_RHand_rz,RFArm_to_RHand,rz,0.3634353467920783,0.2646119943013931,-0.09882335249068519,0.041097269337767556,0.05691055673509324
651_T1_vs_T2,longitudinal,6,RShin_to_RFoot_rx,RShin_to_RFoot,rx,0.05938769007070756,0.059927743792987084,0.0005400537222795265,0.041097269337767556,0.05691055673509324
651_T1_vs_T2,longitudinal,6,RShin_to_RFoot_ry,RShin_to_RFoot,ry,0.22262877176602966,0.2064602478007797,-0.016168523965249954,0.041097269337767556,0.05691055673509324
651_T1_vs_T2,longitudinal,6,RShin_to_RFoot_rz,RShin_to_RFoot,rz,0.018946413136594727,0.02352492459692246,0.004578511460327731,0.041097269337767556,0.05691055673509324
651_T1_vs_T2,longitudinal,6,RShoulder_to_RUArm_rx,RShoulder_to_RUArm,rx,0.25787482327072886,0.27982182566654545,0.021947002395816595,0.041097269337767556,0.05691055673509324
651_T1_vs_T2,longitudinal,6,RShoulder_to_RUArm_ry,RShoulder_to_RUArm,ry,0.017045811400275935,0.021298823602787578,0.004253012202511643,0.041097269337767556,0.05691055673509324
651_T1_vs_T2,longitudinal,6,RShoulder_to_RUArm_rz,RShoulder_to_RUArm,rz,0.03102441046499092,0.013859659680700569,-0.01716475078429035,0.041097269337767556,0.05691055673509324
651_T1_vs_T2,longitudinal,6,RThigh_to_RShin_rx,RThigh_to_RShin,rx,0.22184684668790322,0.2399871123141664,0.01814026562626317,0.041097269337767556,0.05691055673509324
651_T1_vs_T2,longitudinal,6,RThigh_to_RShin_ry,RThigh_to_RShin,ry,1.188440558803171e-08,1.4126187544601604e-08,2.241781956569894e-09,0.041097269337767556,0.05691055673509324
651_T1_vs_T2,longitudinal,6,RThigh_to_RShin_rz,RThigh_to_RShin,rz,7.016540857008175e-09,7.74644902932429e-09,7.299081723161147e-10,0.041097269337767556,0.05691055673509324
651_T1_vs_T2,longitudinal,6,RUArm_to_RFArm_rx,RUArm_to_RFArm,rx,0.10261230205853315,0.20676426488861946,0.1041519628300863,0.041097269337767556,0.05691055673509324
651_T1_vs_T2,longitudinal,6,RUArm_to_RFArm_ry,RUArm_to_RFArm,ry,0.21585771967768944,0.25937490870050434,0.0435171890228149,0.041097269337767556,0.05691055673509324
651_T1_vs_T2,longitudinal,6,RUArm_to_RFArm_rz,RUArm_to_RFArm,rz,0.22380039486038822,0.34419061054089745,0.12039021568050923,0.041097269337767556,0.05691055673509324
651_T1_vs_T3,longitudinal,1,Chest_to_LShoulder_rx,Chest_to_LShoulder,rx,0.05600706126133172,0.07542054139290523,0.019413480131573513,0.26037260888700514,0.32412789226468197
651_T1_vs_T3,longitudinal,1,Chest_to_LShoulder_ry,Chest_to_LShoulder,ry,0.005679129444288581,0.019243123438603883,0.013563993994315302,0.26037260888700514,0.32412789226468197
651_T1_vs_T3,longitudinal,1,Chest_to_LShoulder_rz,Chest_to_LShoulder,rz,0.07734617791274345,0.16643666864328563,0.08909049073054218,0.26037260888700514,0.32412789226468197
651_T1_vs_T3,longitudinal,1,Chest_to_Neck_rx,Chest_to_Neck,rx,0.013127492666957253,0.05048853248375059,0.03736103981679334,0.26037260888700514,0.32412789226468197
651_T1_vs_T3,longitudinal,1,Chest_to_Neck_ry,Chest_to_Neck,ry,0.0890432614581269,0.0390307791895216,-0.050012482268605295,0.26037260888700514,0.32412789226468197
651_T1_vs_T3,longitudinal,1,Chest_to_Neck_rz,Chest_to_Neck,rz,0.012853005769384291,0.03621928893312648,0.023366283163742188,0.26037260888700514,0.32412789226468197
651_T1_vs_T3,longitudinal,1,Chest_to_RShoulder_rx,Chest_to_RShoulder,rx,0.09306314604069751,0.050879413373655015,-0.0421837326670425,0.26037260888700514,0.32412789226468197
651_T1_vs_T3,longitudinal,1,Chest_to_RShoulder_ry,Chest_to_RShoulder,ry,0.01867004893085261,0.0049759162739463885,-0.01369413265690622,0.26037260888700514,0.32412789226468197
651_T1_vs_T3,longitudinal,1,Chest_to_RShoulder_rz,Chest_to_RShoulder,rz,0.08842671517654718,0.01127495360813382,-0.07715176156841336,0.26037260888700514,0.32412789226468197
651_T1_vs_T3,longitudinal,1,LFArm_to_LHand_rx,LFArm_to_LHand,rx,0.06907676142317251,0.09764685133034147,0.028570089907168958,0.26037260888700514,0.32412789226468197
651_T1_vs_T3,longitudinal,1,LFArm_to_LHand_ry,LFArm_to_LHand,ry,0.055637745208606926,0.08369143469476464,0.028053689486157718,0.26037260888700514,0.32412789226468197
651_T1_vs_T3,longitudinal,1,LFArm_to_LHand_rz,LFArm_to_LHand,rz,0.03316496458629416,0.3215463570133508,0.2883813924270567,0.26037260888700514,0.32412789226468197
651_T1_vs_T3,longitudinal,1,LShin_to_LFoot_rx,LShin_to_LFoot,rx,0.003632111015659521,0.013895610108558805,0.010263499092899284,0.26037260888700514,0.32412789226468197
651_T1_vs_T3,longitudinal,1,LShin_to_LFoot_ry,LShin_to_LFoot,ry,0.11981794221101326,0.06193363720622797,-0.05788430500478529,0.26037260888700514,0.32412789226468197
651_T1_vs_T3,longitudinal,1,LShin_to_LFoot_rz,LShin_to_LFoot,rz,0.02662118748665172,0.010035397320119635,-0.016585790166532083,0.26037260888700514,0.32412789226468197
651_T1_vs_T3,longitudinal,1,LShoulder_to_LUArm_rx,LShoulder_to_LUArm,rx,0.10652867304044289,0.08317415342827736,-0.02335451961216553,0.26037260888700514,0.32412789226468197
651_T1_vs_T3,longitudinal,1,LShoulder_to_LUArm_ry,LShoulder_to_LUArm,ry,0.06396718162450865,0.05538788325050739,-0.00857929837400126,0.26037260888700514,0.32412789226468197
651_T1_vs_T3,longitudinal,1,LShoulder_to_LUArm_rz,LShoulder_to_LUArm,rz,0.014743467588765942,0.2372807926295473,0.22253732504078136,0.26037260888700514,0.32412789226468197
651_T1_vs_T3,longitudinal,1,LThigh_to_LShin_rx,LThigh_to_LShin,rx,0.027679142898515266,0.09958362776022675,0.07190448486171148,0.26037260888700514,0.32412789226468197
651_T1_vs_T3,longitudinal,1,LThigh_to_LShin_ry,LThigh_to_LShin,ry,8.370412212546618e-09,3.748870966529205e-09,-4.621541246017413e-09,0.26037260888700514,0.32412789226468197
651_T1_vs_T3,longitudinal,1,LThigh_to_LShin_rz,LThigh_to_LShin,rz,1.2397581278302763e-08,5.8331235352756215e-09,-6.564457743027142e-09,0.26037260888700514,0.32412789226468197
651_T1_vs_T3,longitudinal,1,LUArm_to_LFArm_rx,LUArm_to_LFArm,rx,0.18449135346138762,0.01641548100208086,-0.16807587245930677,0.26037260888700514,0.32412789226468197
651_T1_vs_T3,longitudinal,1,LUArm_to_LFArm_ry,LUArm_to_LFArm,ry,0.526692365575288,0.31996082185599123,-0.20673154371929675,0.26037260888700514,0.32412789226468197
651_T1_vs_T3,longitudinal,1,LUArm_to_LFArm_rz,LUArm_to_LFArm,rz,0.11767260961243105,0.025723337941004294,-0.09194927167142675,0.26037260888700514,0.32412789226468197
651_T1_vs_T3,longitudinal,1,Neck_to_Head_rx,Neck_to_Head,rx,0.013127501899261434,0.05048851911412604,0.0373610172148646,0.26037260888700514,0.32412789226468197
651_T1_vs_T3,longitudinal,1,Neck_to_Head_ry,Neck_to_Head,ry,0.08904324939176794,0.03903076812070464,-0.0500124812710633,0.26037260888700514,0.32412789226468197
651_T1_vs_T3,longitudinal,1,Neck_to_Head_rz,Neck_to_Head,rz,0.012853001928521542,0.03621928282386652,0.023366280895344982,0.26037260888700514,0.32412789226468197
651_T1_vs_T3,longitudinal,1,RFArm_to_RHand_rx,RFArm_to_RHand,rx,0.16402300099737518,0.12651208023461472,-0.03751092076276047,0.26037260888700514,0.32412789226468197
651_T1_vs_T3,longitudinal,1,RFArm_to_RHand_ry,RFArm_to_RHand,ry,0.0050017204285982666,0.23852362737847885,0.2335219069498806,0.26037260888700514,0.32412789226468197
651_T1_vs_T3,longitudinal,1,RFArm_to_RHand_rz,RFArm_to_RHand,rz,0.5710966005906016,0.13756195871754404,-0.43353464187305757,0.26037260888700514,0.32412789226468197
651_T1_vs_T3,longitudinal,1,RShin_to_RFoot_rx,RShin_to_RFoot,rx,0.023628272576121562,0.016643042313998328,-0.006985230262123235,0.26037260888700514,0.32412789226468197
651_T1_vs_T3,longitudinal,1,RShin_to_RFoot_ry,RShin_to_RFoot,ry,0.09272031542155676,0.09637669153282949,0.00365637611127273,0.26037260888700514,0.32412789226468197
651_T1_vs_T3,longitudinal,1,RShin_to_RFoot_rz,RShin_to_RFoot,rz,0.0009370738227781265,0.02630030232473745,0.025363228501959323,0.26037260888700514,0.32412789226468197
651_T1_vs_T3,longitudinal,1,RShoulder_to_RUArm_rx,RShoulder_to_RUArm,rx,0.22344247153737146,0.11990992405382613,-0.10353254748354533,0.26037260888700514,0.32412789226468197
651_T1_vs_T3,longitudinal,1,RShoulder_to_RUArm_ry,RShoulder_to_RUArm,ry,0.010631935422101009,0.0256587982785734,0.015026862856472391,0.26037260888700514,0.32412789226468197
651_T1_vs_T3,longitudinal,1,RShoulder_to_RUArm_rz,RShoulder_to_RUArm,rz,0.1114910361398058,0.01614092955570057,-0.09535010658410523,0.26037260888700514,0.32412789226468197
651_T1_vs_T3,longitudinal,1,RThigh_to_RShin_rx,RThigh_to_RShin,rx,0.12660964366010427,0.11468507213916612,-0.011924571520938149,0.26037260888700514,0.32412789226468197
651_T1_vs_T3,longitudinal,1,RThigh_to_RShin_ry,RThigh_to_RShin,ry,1.5382293763281207e-10,2.216060691512249e-08,2.200678397748968e-08,0.26037260888700514,0.32412789226468197
651_T1_vs_T3,longitudinal,1,RThigh_to_RShin_rz,RThigh_to_RShin,rz,4.944906851198512e-09,3.247854322929107e-10,-4.620121418905601e-09,0.26037260888700514,0.32412789226468197
651_T1_vs_T3,longitudinal,1,RUArm_to_RFArm_rx,RUArm_to_RFArm,rx,0.2104426699497598,0.12571866547018704,-0.08472400447957276,0.26037260888700514,0.32412789226468197
651_T1_vs_T3,longitudinal,1,RUArm_to_RFArm_ry,RUArm_to_RFArm,ry,0.23371001290678317,0.7079113156636716,0.47420130275688843,0.26037260888700514,0.32412789226468197
651_T1_vs_T3,longitudinal,1,RUArm_to_RFArm_rz,RUArm_to_RFArm,rz,0.22822645646316617,0.041066450074791636,-0.18716000638837454,0.26037260888700514,0.32412789226468197
651_T1_vs_T3,longitudinal,2,Chest_to_LShoulder_rx,Chest_to_LShoulder,rx,0.06580465432323657,0.010518187132234652,-0.055286467191001915,0.202705568905654,0.23634119214089763
651_T1_vs_T3,longitudinal,2,Chest_to_LShoulder_ry,Chest_to_LShoulder,ry,0.03154700693586045,0.004185124706533176,-0.02736188222932727,0.202705568905654,0.23634119214089763
651_T1_vs_T3,longitudinal,2,Chest_to_LShoulder_rz,Chest_to_LShoulder,rz,0.2073267516779008,0.09941964828159515,-0.10790710339630565,0.202705568905654,0.23634119214089763
651_T1_vs_T3,longitudinal,2,Chest_to_Neck_rx,Chest_to_Neck,rx,0.07013745460726983,0.05175093493395068,-0.018386519673319154,0.202705568905654,0.23634119214089763
651_T1_vs_T3,longitudinal,2,Chest_to_Neck_ry,Chest_to_Neck,ry,0.014261634861753983,0.0721315820524479,0.057869947190693924,0.202705568905654,0.23634119214089763
651_T1_vs_T3,longitudinal,2,Chest_to_Neck_rz,Chest_to_Neck,rz,0.0394075347069435,0.015935158671109267,-0.02347237603583423,0.202705568905654,0.23634119214089763
651_T1_vs_T3,longitudinal,2,Chest_to_RShoulder_rx,Chest_to_RShoulder,rx,0.022680246807146708,0.06354919323108406,0.04086894642393735,0.202705568905654,0.23634119214089763
651_T1_vs_T3,longitudinal,2,Chest_to_RShoulder_ry,Chest_to_RShoulder,ry,0.017837675673471713,0.0141403282908324,-0.0036973473826393127,0.202705568905654,0.23634119214089763
651_T1_vs_T3,longitudinal,2,Chest_to_RShoulder_rz,Chest_to_RShoulder,rz,0.027980788942914413,0.047861082901639096,0.019880293958724683,0.202705568905654,0.23634119214089763
651_T1_vs_T3,longitudinal,2,LFArm_to_LHand_rx,LFArm_to_LHand,rx,0.2384844969913423,0.24117324109211005,0.002688744100767748,0.202705568905654,0.23634119214089763
651_T1_vs_T3,longitudinal,2,LFArm_to_LHand_ry,LFArm_to_LHand,ry,0.0361992310745101,0.19966145683396697,0.16346222575945688,0.202705568905654,0.23634119214089763
651_T1_vs_T3,longitudinal,2,LFArm_to_LHand_rz,LFArm_to_LHand,rz,0.18512826005349073,0.0008621675561873818,-0.18426609249730336,0.202705568905654,0.23634119214089763
651_T1_vs_T3,longitudinal,2,LShin_to_LFoot_rx,LShin_to_LFoot,rx,0.01435842665759942,0.006620637044396601,-0.0077377896132028185,0.202705568905654,0.23634119214089763
651_T1_vs_T3,longitudinal,2,LShin_to_LFoot_ry,LShin_to_LFoot,ry,0.03872534529785706,0.1294956431487915,0.09077029785093443,0.202705568905654,0.23634119214089763
651_T1_vs_T3,longitudinal,2,LShin_to_LFoot_rz,LShin_to_LFoot,rz,0.03843752441164322,0.04449131183484001,0.006053787423196788,0.202705568905654,0.23634119214089763
651_T1_vs_T3,longitudinal,2,LShoulder_to_LUArm_rx,LShoulder_to_LUArm,rx,0.029888283242590925,0.1201143841829396,0.09022610094034868,0.202705568905654,0.23634119214089763
651_T1_vs_T3,longitudinal,2,LShoulder_to_LUArm_ry,LShoulder_to_LUArm,ry,0.1260890931682576,0.07936605119717553,-0.046723041971082055,0.202705568905654,0.23634119214089763
651_T1_vs_T3,longitudinal,2,LShoulder_to_LUArm_rz,LShoulder_to_LUArm,rz,0.3581965740885589,0.24960021041683195,-0.10859636367172693,0.202705568905654,0.23634119214089763
651_T1_vs_T3,longitudinal,2,LThigh_to_LShin_rx,LThigh_to_LShin,rx,0.15468667824229143,0.11554924555810395,-0.039137432684187484,0.202705568905654,0.23634119214089763
651_T1_vs_T3,longitudinal,2,LThigh_to_LShin_ry,LThigh_to_LShin,ry,1.3745634154461037e-08,1.651507605359474e-08,2.769441899133702e-09,0.202705568905654,0.23634119214089763
651_T1_vs_T3,longitudinal,2,LThigh_to_LShin_rz,LThigh_to_LShin,rz,8.453075231276292e-09,4.661630133949069e-09,-3.7914450973272225e-09,0.202705568905654,0.23634119214089763
651_T1_vs_T3,longitudinal,2,LUArm_to_LFArm_rx,LUArm_to_LFArm,rx,0.08760553321897574,0.08803661755883631,0.0004310843398605685,0.202705568905654,0.23634119214089763
651_T1_vs_T3,longitudinal,2,LUArm_to_LFArm_ry,LUArm_to_LFArm,ry,0.19678141054103881,0.6401375435071177,0.4433561329660789,0.202705568905654,0.23634119214089763
651_T1_vs_T3,longitudinal,2,LUArm_to_LFArm_rz,LUArm_to_LFArm,rz,0.06558474684902928,0.12315365260103295,0.05756890575200367,0.202705568905654,0.23634119214089763
651_T1_vs_T3,longitudinal,2,Neck_to_Head_rx,Neck_to_Head,rx,0.07013745993254679,0.05175095070659502,-0.018386509225951767,0.202705568905654,0.23634119214089763
651_T1_vs_T3,longitudinal,2,Neck_to_Head_ry,Neck_to_Head,ry,0.014261623492266812,0.07213154666226934,0.05786992317000253,0.202705568905654,0.23634119214089763
651_T1_vs_T3,longitudinal,2,Neck_to_Head_rz,Neck_to_Head,rz,0.03940749482257285,0.015935116426678282,-0.02347237839589457,0.202705568905654,0.23634119214089763
651_T1_vs_T3,longitudinal,2,RFArm_to_RHand_rx,RFArm_to_RHand,rx,0.04489495154855382,0.19911609332279806,0.15422114177424423,0.202705568905654,0.23634119214089763
651_T1_vs_T3,longitudinal,2,RFArm_to_RHand_ry,RFArm_to_RHand,ry,0.14920774121732305,0.05249473442236783,-0.09671300679495523,0.202705568905654,0.23634119214089763
651_T1_vs_T3,longitudinal,2,RFArm_to_RHand_rz,RFArm_to_RHand,rz,0.15474781340139238,0.3684953833680107,0.2137475699666183,0.202705568905654,0.23634119214089763
651_T1_vs_T3,longitudinal,2,RShin_to_RFoot_rx,RShin_to_RFoot,rx,0.02987229389404628,0.035043359703787615,0.0051710658097413355,0.202705568905654,0.23634119214089763
651_T1_vs_T3,longitudinal,2,RShin_to_RFoot_ry,RShin_to_RFoot,ry,0.018676523962304802,0.07681515434803321,0.058138630385728404,0.202705568905654,0.23634119214089763
651_T1_vs_T3,longitudinal,2,RShin_to_RFoot_rz,RShin_to_RFoot,rz,0.03756175645824179,0.023127786662723825,-0.014433969795517969,0.202705568905654,0.23634119214089763
651_T1_vs_T3,longitudinal,2,RShoulder_to_RUArm_rx,RShoulder_to_RUArm,rx,0.049210818318873736,0.20785485637926723,0.1586440380603935,0.202705568905654,0.23634119214089763
651_T1_vs_T3,longitudinal,2,RShoulder_to_RUArm_ry,RShoulder_to_RUArm,ry,0.059065960803701335,0.05278518287409865,-0.006280777929602688,0.202705568905654,0.23634119214089763
651_T1_vs_T3,longitudinal,2,RShoulder_to_RUArm_rz,RShoulder_to_RUArm,rz,0.06015034160539626,0.061627168705430245,0.001476827100033988,0.202705568905654,0.23634119214089763
651_T1_vs_T3,longitudinal,2,RThigh_to_RShin_rx,RThigh_to_RShin,rx,0.2219146226251829,0.21449878931173144,-0.00741583331345147,0.202705568905654,0.23634119214089763
651_T1_vs_T3,longitudinal,2,RThigh_to_RShin_ry,RThigh_to_RShin,ry,2.5791641632335088e-08,1.519758108709945e-08,-1.0594060545235639e-08,0.202705568905654,0.23634119214089763
651_T1_vs_T3,longitudinal,2,RThigh_to_RShin_rz,RThigh_to_RShin,rz,5.4522919185029535e-09,2.807630869353967e-10,-5.171528831567557e-09,0.202705568905654,0.23634119214089763
651_T1_vs_T3,longitudinal,2,RUArm_to_RFArm_rx,RUArm_to_RFArm,rx,0.04242506884643085,0.0371425593442932,-0.005282509502137656,0.202705568905654,0.23634119214089763
651_T1_vs_T3,longitudinal,2,RUArm_to_RFArm_ry,RUArm_to_RFArm,ry,0.7123400721918128,0.18060180602846748,-0.5317382661633454,0.202705568905654,0.23634119214089763
651_T1_vs_T3,longitudinal,2,RUArm_to_RFArm_rz,RUArm_to_RFArm,rz,0.04978513980097398,0.07513238704270404,0.025347247241730063,0.202705568905654,0.23634119214089763
651_T1_vs_T3,longitudinal,3,Chest_to_LShoulder_rx,Chest_to_LShoulder,rx,0.026752581833590416,0.057871102476472466,0.03111852064288205,0.1575725074809777,0.17283962079722087
651_T1_vs_T3,longitudinal,3,Chest_to_LShoulder_ry,Chest_to_LShoulder,ry,0.04751764526776192,0.07668306456642782,0.029165419298665896,0.1575725074809777,0.17283962079722087
651_T1_vs_T3,longitudinal,3,Chest_to_LShoulder_rz,Chest_to_LShoulder,rz,0.02092422682992852,0.04912754628383129,0.028203319453902774,0.1575725074809777,0.17283962079722087
651_T1_vs_T3,longitudinal,3,Chest_to_Neck_rx,Chest_to_Neck,rx,0.034132090873502614,0.015272551324397827,-0.018859539549104787,0.1575725074809777,0.17283962079722087
651_T1_vs_T3,longitudinal,3,Chest_to_Neck_ry,Chest_to_Neck,ry,0.023388941344075577,0.011151231395631005,-0.012237709948444572,0.1575725074809777,0.17283962079722087
651_T1_vs_T3,longitudinal,3,Chest_to_Neck_rz,Chest_to_Neck,rz,0.008798456986387024,0.003637069503957544,-0.00516138748242948,0.1575725074809777,0.17283962079722087
651_T1_vs_T3,longitudinal,3,Chest_to_RShoulder_rx,Chest_to_RShoulder,rx,0.01157816417791422,0.0769310735391945,0.06535290936128027,0.1575725074809777,0.17283962079722087
651_T1_vs_T3,longitudinal,3,Chest_to_RShoulder_ry,Chest_to_RShoulder,ry,0.035667529500938044,0.044299281595538,0.008631752094599952,0.1575725074809777,0.17283962079722087
651_T1_vs_T3,longitudinal,3,Chest_to_RShoulder_rz,Chest_to_RShoulder,rz,0.12786842510448157,0.0826504799593725,-0.04521794514510907,0.1575725074809777,0.17283962079722087
651_T1_vs_T3,longitudinal,3,LFArm_to_LHand_rx,LFArm_to_LHand,rx,0.11781564246335037,0.044883293203808024,-0.07293234925954234,0.1575725074809777,0.17283962079722087
651_T1_vs_T3,longitudinal,3,LFArm_to_LHand_ry,LFArm_to_LHand,ry,0.041917388199769305,0.061490936272523035,0.01957354807275373,0.1575725074809777,0.17283962079722087
651_T1_vs_T3,longitudinal,3,LFArm_to_LHand_rz,LFArm_to_LHand,rz,0.6938925904720724,0.41625378407192015,-0.27763880640015226,0.1575725074809777,0.17283962079722087
651_T1_vs_T3,longitudinal,3,LShin_to_LFoot_rx,LShin_to_LFoot,rx,0.008254541513059517,0.002451224341757724,-0.005803317171301794,0.1575725074809777,0.17283962079722087
651_T1_vs_T3,longitudinal,3,LShin_to_LFoot_ry,LShin_to_LFoot,ry,0.03434098201172621,0.032700194083262385,-0.0016407879284638244,0.1575725074809777,0.17283962079722087
651_T1_vs_T3,longitudinal,3,LShin_to_LFoot_rz,LShin_to_LFoot,rz,0.03293240832079427,0.024002128673252188,-0.008930279647542082,0.1575725074809777,0.17283962079722087
651_T1_vs_T3,longitudinal,3,LShoulder_to_LUArm_rx,LShoulder_to_LUArm,rx,0.13510648462749467,0.16876141141158288,0.03365492678408821,0.1575725074809777,0.17283962079722087
651_T1_vs_T3,longitudinal,3,LShoulder_to_LUArm_ry,LShoulder_to_LUArm,ry,0.14338555249394208,0.20551633693043106,0.06213078443648898,0.1575725074809777,0.17283962079722087
651_T1_vs_T3,longitudinal,3,LShoulder_to_LUArm_rz,LShoulder_to_LUArm,rz,0.03042068208272209,0.10700336768971105,0.07658268560698897,0.1575725074809777,0.17283962079722087
651_T1_vs_T3,longitudinal,3,LThigh_to_LShin_rx,LThigh_to_LShin,rx,0.08671154512926758,0.0571744382003616,-0.02953710692890598,0.1575725074809777,0.17283962079722087
651_T1_vs_T3,longitudinal,3,LThigh_to_LShin_ry,LThigh_to_LShin,ry,1.3745636903108234e-09,3.498299983643719e-09,2.1237362933328957e-09,0.1575725074809777,0.17283962079722087
651_T1_vs_T3,longitudinal,3,LThigh_to_LShin_rz,LThigh_to_LShin,rz,5.784152204601523e-09,3.2714129157073195e-09,-2.512739288894203e-09,0.1575725074809777,0.17283962079722087
651_T1_vs_T3,longitudinal,3,LUArm_to_LFArm_rx,LUArm_to_LFArm,rx,0.09360093333310314,0.12786290034282868,0.034261967009725544,0.1575725074809777,0.17283962079722087
651_T1_vs_T3,longitudinal,3,LUArm_to_LFArm_ry,LUArm_to_LFArm,ry,0.46388906399035373,0.31713704109466156,-0.14675202289569217,0.1575725074809777,0.17283962079722087
651_T1_vs_T3,longitudinal,3,LUArm_to_LFArm_rz,LUArm_to_LFArm,rz,0.08469968669873917,0.09783568689887931,0.013136000200140135,0.1575725074809777,0.17283962079722087
651_T1_vs_T3,longitudinal,3,Neck_to_Head_rx,Neck_to_Head,rx,0.03413211567134706,0.015272570833939604,-0.018859544837407455,0.1575725074809777,0.17283962079722087
651_T1_vs_T3,longitudinal,3,Neck_to_Head_ry,Neck_to_Head,ry,0.023388953489959848,0.011151240366092764,-0.012237713123867084,0.1575725074809777,0.17283962079722087
651_T1_vs_T3,longitudinal,3,Neck_to_Head_rz,Neck_to_Head,rz,0.0087984835510288,0.0036370365701688654,-0.005161446980859935,0.1575725074809777,0.17283962079722087
651_T1_vs_T3,longitudinal,3,RFArm_to_RHand_rx,RFArm_to_RHand,rx,0.12577152281192314,0.2911599658478182,0.1653884430358951,0.1575725074809777,0.17283962079722087
651_T1_vs_T3,longitudinal,3,RFArm_to_RHand_ry,RFArm_to_RHand,ry,0.09704583710597064,0.011434919119157446,-0.0856109179868132,0.1575725074809777,0.17283962079722087
651_T1_vs_T3,longitudinal,3,RFArm_to_RHand_rz,RFArm_to_RHand,rz,0.311587179831695,0.5632309613513764,0.2516437815196814,0.1575725074809777,0.17283962079722087
651_T1_vs_T3,longitudinal,3,RShin_to_RFoot_rx,RShin_to_RFoot,rx,0.018042196914325164,0.005980008825433385,-0.012062188088891779,0.1575725074809777,0.17283962079722087
651_T1_vs_T3,longitudinal,3,RShin_to_RFoot_ry,RShin_to_RFoot,ry,0.010767569291261185,0.03408922200490705,0.023321652713645863,0.1575725074809777,0.17283962079722087
651_T1_vs_T3,longitudinal,3,RShin_to_RFoot_rz,RShin_to_RFoot,rz,0.014297995853717967,0.015246213132137679,0.0009482172784197121,0.1575725074809777,0.17283962079722087
651_T1_vs_T3,longitudinal,3,RShoulder_to_RUArm_rx,RShoulder_to_RUArm,rx,0.1497135276315952,0.33408217297954884,0.18436864534795364,0.1575725074809777,0.17283962079722087
651_T1_vs_T3,longitudinal,3,RShoulder_to_RUArm_ry,RShoulder_to_RUArm,ry,0.05796488620807949,0.05931799778119598,0.0013531115731164889,0.1575725074809777,0.17283962079722087
651_T1_vs_T3,longitudinal,3,RShoulder_to_RUArm_rz,RShoulder_to_RUArm,rz,0.14120641109466694,0.09680788448393939,-0.04439852661072756,0.1575725074809777,0.17283962079722087
651_T1_vs_T3,longitudinal,3,RThigh_to_RShin_rx,RThigh_to_RShin,rx,0.15117790596792197,0.06640393601323759,-0.08477396995468438,0.1575725074809777,0.17283962079722087
651_T1_vs_T3,longitudinal,3,RThigh_to_RShin_ry,RThigh_to_RShin,ry,5.234780260559963e-09,2.3170759616359877e-09,-2.917704298923975e-09,0.1575725074809777,0.17283962079722087
651_T1_vs_T3,longitudinal,3,RThigh_to_RShin_rz,RThigh_to_RShin,rz,2.6810375723268063e-08,2.445272112397993e-08,-2.3576545992881344e-09,0.1575725074809777,0.17283962079722087
651_T1_vs_T3,longitudinal,3,RUArm_to_RFArm_rx,RUArm_to_RFArm,rx,0.04714976472394269,0.036034036670083806,-0.011115728053858881,0.1575725074809777,0.17283962079722087
651_T1_vs_T3,longitudinal,3,RUArm_to_RFArm_ry,RUArm_to_RFArm,ry,0.0027082671153002146,0.2114596425091043,0.20875137539380406,0.1575725074809777,0.17283962079722087
651_T1_vs_T3,longitudinal,3,RUArm_to_RFArm_rz,RUArm_to_RFArm,rz,0.06036140539954997,0.0420467756944704,-0.01831462970507957,0.1575725074809777,0.17283962079722087
651_T1_vs_T3,longitudinal,4,Chest_to_LShoulder_rx,Chest_to_LShoulder,rx,0.00828669161400547,0.004687572425700483,-0.0035991191883049875,0.09198914336285859,0.10796927555835906
651_T1_vs_T3,longitudinal,4,Chest_to_LShoulder_ry,Chest_to_LShoulder,ry,0.039059545182048176,0.0893672740896866,0.050307728907638426,0.09198914336285859,0.10796927555835906
651_T1_vs_T3,longitudinal,4,Chest_to_LShoulder_rz,Chest_to_LShoulder,rz,0.028015640497034304,0.07028032137899937,0.04226468088196506,0.09198914336285859,0.10796927555835906
651_T1_vs_T3,longitudinal,4,Chest_to_Neck_rx,Chest_to_Neck,rx,0.00998446119665004,0.030497840412506964,0.020513379215856924,0.09198914336285859,0.10796927555835906
651_T1_vs_T3,longitudinal,4,Chest_to_Neck_ry,Chest_to_Neck,ry,0.0380795309996737,0.01309776412370068,-0.02498176687597302,0.09198914336285859,0.10796927555835906
651_T1_vs_T3,longitudinal,4,Chest_to_Neck_rz,Chest_to_Neck,rz,0.003159915817978262,0.010160507149317682,0.00700059133133942,0.09198914336285859,0.10796927555835906
651_T1_vs_T3,longitudinal,4,Chest_to_RShoulder_rx,Chest_to_RShoulder,rx,0.009545563130238991,0.04040383805972139,0.0308582749294824,0.09198914336285859,0.10796927555835906
651_T1_vs_T3,longitudinal,4,Chest_to_RShoulder_ry,Chest_to_RShoulder,ry,0.04600559272163807,0.08040424414436394,0.03439865142272587,0.09198914336285859,0.10796927555835906
651_T1_vs_T3,longitudinal,4,Chest_to_RShoulder_rz,Chest_to_RShoulder,rz,0.008850236780787453,0.007998069572952226,-0.0008521672078352274,0.09198914336285859,0.10796927555835906
651_T1_vs_T3,longitudinal,4,LFArm_to_LHand_rx,LFArm_to_LHand,rx,0.3216891257302408,0.34874538613915307,0.02705626040891229,0.09198914336285859,0.10796927555835906
651_T1_vs_T3,longitudinal,4,LFArm_to_LHand_ry,LFArm_to_LHand,ry,0.3336526549014719,0.2559308042379059,-0.07772185066356602,0.09198914336285859,0.10796927555835906
651_T1_vs_T3,longitudinal,4,LFArm_to_LHand_rz,LFArm_to_LHand,rz,0.24732233664697403,0.004800487861918581,-0.24252184878505545,0.09198914336285859,0.10796927555835906
651_T1_vs_T3,longitudinal,4,LShin_to_LFoot_rx,LShin_to_LFoot,rx,0.005563430454848618,0.013941322810035192,0.008377892355186574,0.09198914336285859,0.10796927555835906
651_T1_vs_T3,longitudinal,4,LShin_to_LFoot_ry,LShin_to_LFoot,ry,0.06838325410873564,0.032701934447505035,-0.0356813196612306,0.09198914336285859,0.10796927555835906
651_T1_vs_T3,longitudinal,4,LShin_to_LFoot_rz,LShin_to_LFoot,rz,0.012954949838854335,0.022050454898510423,0.009095505059656088,0.09198914336285859,0.10796927555835906
651_T1_vs_T3,longitudinal,4,LShoulder_to_LUArm_rx,LShoulder_to_LUArm,rx,0.11186885631155206,0.06721063384573676,-0.0446582224658153,0.09198914336285859,0.10796927555835906
651_T1_vs_T3,longitudinal,4,LShoulder_to_LUArm_ry,LShoulder_to_LUArm,ry,0.058326004186832564,0.20136549181086058,0.14303948762402802,0.09198914336285859,0.10796927555835906
651_T1_vs_T3,longitudinal,4,LShoulder_to_LUArm_rz,LShoulder_to_LUArm,rz,0.05916163021742516,0.010819287900753791,-0.048342342316671366,0.09198914336285859,0.10796927555835906
651_T1_vs_T3,longitudinal,4,LThigh_to_LShin_rx,LThigh_to_LShin,rx,0.02488217860974844,0.098827141984104,0.07394496337435556,0.09198914336285859,0.10796927555835906
651_T1_vs_T3,longitudinal,4,LThigh_to_LShin_ry,LThigh_to_LShin,ry,5.718654391289349e-10,5.19870211270117e-09,4.6268366735722345e-09,0.09198914336285859,0.10796927555835906
651_T1_vs_T3,longitudinal,4,LThigh_to_LShin_rz,LThigh_to_LShin,rz,1.1585345391278234e-08,2.493995838153369e-08,1.3354612990255455e-08,0.09198914336285859,0.10796927555835906
651_T1_vs_T3,longitudinal,4,LUArm_to_LFArm_rx,LUArm_to_LFArm,rx,0.49090281400170765,0.3803708971992065,-0.11053191680250113,0.09198914336285859,0.10796927555835906
651_T1_vs_T3,longitudinal,4,LUArm_to_LFArm_ry,LUArm_to_LFArm,ry,0.15035953508730626,0.15464483433424756,0.004285299246941293,0.09198914336285859,0.10796927555835906
651_T1_vs_T3,longitudinal,4,LUArm_to_LFArm_rz,LUArm_to_LFArm,rz,0.5258378680925248,0.4271770550757399,-0.09866081301678487,0.09198914336285859,0.10796927555835906
651_T1_vs_T3,longitudinal,4,Neck_to_Head_rx,Neck_to_Head,rx,0.009984414293849728,0.030497893643368402,0.020513479349518672,0.09198914336285859,0.10796927555835906
651_T1_vs_T3,longitudinal,4,Neck_to_Head_ry,Neck_to_Head,ry,0.03807955726970747,0.0130977845315376,-0.024981772738169872,0.09198914336285859,0.10796927555835906
651_T1_vs_T3,longitudinal,4,Neck_to_Head_rz,Neck_to_Head,rz,0.003159894772549108,0.010160470734398791,0.0070005759618496834,0.09198914336285859,0.10796927555835906
651_T1_vs_T3,longitudinal,4,RFArm_to_RHand_rx,RFArm_to_RHand,rx,0.07348402952838354,0.1630318176299068,0.08954778810152325,0.09198914336285859,0.10796927555835906
651_T1_vs_T3,longitudinal,4,RFArm_to_RHand_ry,RFArm_to_RHand,ry,0.01341472501961086,0.14244231795023726,0.1290275929306264,0.09198914336285859,0.10796927555835906
651_T1_vs_T3,longitudinal,4,RFArm_to_RHand_rz,RFArm_to_RHand,rz,0.2904066460451351,0.1641581564076743,-0.1262484896374608,0.09198914336285859,0.10796927555835906
651_T1_vs_T3,longitudinal,4,RShin_to_RFoot_rx,RShin_to_RFoot,rx,0.003513683717046683,0.027832246239509723,0.02431856252246304,0.09198914336285859,0.10796927555835906
651_T1_vs_T3,longitudinal,4,RShin_to_RFoot_ry,RShin_to_RFoot,ry,0.016532347265739575,0.0635705521132939,0.04703820484755433,0.09198914336285859,0.10796927555835906
651_T1_vs_T3,longitudinal,4,RShin_to_RFoot_rz,RShin_to_RFoot,rz,0.01336754750807999,0.02389787359363275,0.01053032608555276,0.09198914336285859,0.10796927555835906
651_T1_vs_T3,longitudinal,4,RShoulder_to_RUArm_rx,RShoulder_to_RUArm,rx,0.08176966774826977,0.13841749931468716,0.056647831566417395,0.09198914336285859,0.10796927555835906
651_T1_vs_T3,longitudinal,4,RShoulder_to_RUArm_ry,RShoulder_to_RUArm,ry,0.08520999054095703,0.08552507950666255,0.0003150889657055206,0.09198914336285859,0.10796927555835906
651_T1_vs_T3,longitudinal,4,RShoulder_to_RUArm_rz,RShoulder_to_RUArm,rz,0.06405138593835283,0.03534336328045796,-0.02870802265789487,0.09198914336285859,0.10796927555835906
651_T1_vs_T3,longitudinal,4,RThigh_to_RShin_rx,RThigh_to_RShin,rx,0.07618534855812446,0.1901502359579299,0.11396488739980544,0.09198914336285859,0.10796927555835906
651_T1_vs_T3,longitudinal,4,RThigh_to_RShin_ry,RThigh_to_RShin,ry,1.7194111261546572e-09,8.822392761107937e-09,7.102981634953279e-09,0.09198914336285859,0.10796927555835906
651_T1_vs_T3,longitudinal,4,RThigh_to_RShin_rz,RThigh_to_RShin,rz,5.336626465933878e-09,7.54067427455327e-09,2.204047808619393e-09,0.09198914336285859,0.10796927555835906
651_T1_vs_T3,longitudinal,4,RUArm_to_RFArm_rx,RUArm_to_RFArm,rx,0.007655067684173333,0.22828455234060227,0.22062948465642893,0.09198914336285859,0.10796927555835906
651_T1_vs_T3,longitudinal,4,RUArm_to_RFArm_ry,RUArm_to_RFArm,ry,0.16823617785474287,0.21939744426472846,0.051161266409985584,0.09198914336285859,0.10796927555835906
651_T1_vs_T3,longitudinal,4,RUArm_to_RFArm_rz,RUArm_to_RFArm,rz,0.09291476618588038,0.37178532866704345,0.27887056248116304,0.09198914336285859,0.10796927555835906
651_T1_vs_T3,longitudinal,5,Chest_to_LShoulder_rx,Chest_to_LShoulder,rx,0.03771639618744262,0.0010283072523523964,-0.03668808893509023,0.0791483342692959,0.09327858340325401
651_T1_vs_T3,longitudinal,5,Chest_to_LShoulder_ry,Chest_to_LShoulder,ry,0.07280486423222425,0.03707175697615179,-0.03573310725607246,0.0791483342692959,0.09327858340325401
651_T1_vs_T3,longitudinal,5,Chest_to_LShoulder_rz,Chest_to_LShoulder,rz,0.09208462617436168,0.11850349834921792,0.026418872174856237,0.0791483342692959,0.09327858340325401
651_T1_vs_T3,longitudinal,5,Chest_to_Neck_rx,Chest_to_Neck,rx,0.008739415562428377,0.02657692754670127,0.017837511984272893,0.0791483342692959,0.09327858340325401
651_T1_vs_T3,longitudinal,5,Chest_to_Neck_ry,Chest_to_Neck,ry,0.028756011570906202,0.036077151831374873,0.007321140260468671,0.0791483342692959,0.09327858340325401
651_T1_vs_T3,longitudinal,5,Chest_to_Neck_rz,Chest_to_Neck,rz,0.009195140312040445,0.016364053251580118,0.007168912939539673,0.0791483342692959,0.09327858340325401
651_T1_vs_T3,longitudinal,5,Chest_to_RShoulder_rx,Chest_to_RShoulder,rx,0.047629905696167756,0.026652063873386755,-0.020977841822781,0.0791483342692959,0.09327858340325401
651_T1_vs_T3,longitudinal,5,Chest_to_RShoulder_ry,Chest_to_RShoulder,ry,0.0635740793881444,0.04506823660495291,-0.018505842783191485,0.0791483342692959,0.09327858340325401
651_T1_vs_T3,longitudinal,5,Chest_to_RShoulder_rz,Chest_to_RShoulder,rz,0.10327845516329191,0.15922550802829388,0.05594705286500197,0.0791483342692959,0.09327858340325401
651_T1_vs_T3,longitudinal,5,LFArm_to_LHand_rx,LFArm_to_LHand,rx,0.18295102434749919,0.3415873050435506,0.15863628069605143,0.0791483342692959,0.09327858340325401
651_T1_vs_T3,longitudinal,5,LFArm_to_LHand_ry,LFArm_to_LHand,ry,0.15044502502997015,0.1843314384958408,0.03388641346587065,0.0791483342692959,0.09327858340325401
651_T1_vs_T3,longitudinal,5,LFArm_to_LHand_rz,LFArm_to_LHand,rz,0.1430380325478297,0.2430583068985425,0.10002027435071278,0.0791483342692959,0.09327858340325401
651_T1_vs_T3,longitudinal,5,LShin_to_LFoot_rx,LShin_to_LFoot,rx,0.007913036339931004,0.013801563644003414,0.005888527304072411,0.0791483342692959,0.09327858340325401
651_T1_vs_T3,longitudinal,5,LShin_to_LFoot_ry,LShin_to_LFoot,ry,0.09389806642020568,0.006127423604846873,-0.0877706428153588,0.0791483342692959,0.09327858340325401
651_T1_vs_T3,longitudinal,5,LShin_to_LFoot_rz,LShin_to_LFoot,rz,0.00729373886019341,0.020283436595302816,0.012989697735109405,0.0791483342692959,0.09327858340325401
651_T1_vs_T3,longitudinal,5,LShoulder_to_LUArm_rx,LShoulder_to_LUArm,rx,0.15671948535736532,0.11396558372441798,-0.042753901632947344,0.0791483342692959,0.09327858340325401
651_T1_vs_T3,longitudinal,5,LShoulder_to_LUArm_ry,LShoulder_to_LUArm,ry,0.18620505191374817,0.1509540392232428,-0.03525101269050537,0.0791483342692959,0.09327858340325401
651_T1_vs_T3,longitudinal,5,LShoulder_to_LUArm_rz,LShoulder_to_LUArm,rz,0.0736629100685255,0.09133180074678511,0.017668890678259608,0.0791483342692959,0.09327858340325401
651_T1_vs_T3,longitudinal,5,LThigh_to_LShin_rx,LThigh_to_LShin,rx,0.006179312109859038,0.0485494489874596,0.042370136877600564,0.0791483342692959,0.09327858340325401
651_T1_vs_T3,longitudinal,5,LThigh_to_LShin_ry,LThigh_to_LShin,ry,7.289280647289812e-09,3.95240054971429e-09,-3.3368800975755222e-09,0.0791483342692959,0.09327858340325401
651_T1_vs_T3,longitudinal,5,LThigh_to_LShin_rz,LThigh_to_LShin,rz,2.733446817764736e-08,2.4180059297062618e-08,-3.1544088805847402e-09,0.0791483342692959,0.09327858340325401
651_T1_vs_T3,longitudinal,5,LUArm_to_LFArm_rx,LUArm_to_LFArm,rx,0.018235126548342393,0.2313177948081091,0.2130826682597667,0.0791483342692959,0.09327858340325401
651_T1_vs_T3,longitudinal,5,LUArm_to_LFArm_ry,LUArm_to_LFArm,ry,0.32902994988327267,0.1584605038487142,-0.17056944603455845,0.0791483342692959,0.09327858340325401
651_T1_vs_T3,longitudinal,5,LUArm_to_LFArm_rz,LUArm_to_LFArm,rz,0.014653191911108886,0.20377623641124357,0.18912304450013467,0.0791483342692959,0.09327858340325401
651_T1_vs_T3,longitudinal,5,Neck_to_Head_rx,Neck_to_Head,rx,0.008739382796468813,0.026576926476854182,0.01783754368038537,0.0791483342692959,0.09327858340325401
651_T1_vs_T3,longitudinal,5,Neck_to_Head_ry,Neck_to_Head,ry,0.028755973798335135,0.036077185933278,0.0073212121349428665,0.0791483342692959,0.09327858340325401
651_T1_vs_T3,longitudinal,5,Neck_to_Head_rz,Neck_to_Head,rz,0.009195090103569585,0.016364022628020624,0.007168932524451039,0.0791483342692959,0.09327858340325401
651_T1_vs_T3,longitudinal,5,RFArm_to_RHand_rx,RFArm_to_RHand,rx,0.3128732336588407,0.13697904285073242,-0.17589419080810825,0.0791483342692959,0.09327858340325401
651_T1_vs_T3,longitudinal,5,RFArm_to_RHand_ry,RFArm_to_RHand,ry,0.26594640766286914,0.14841356517100074,-0.1175328424918684,0.0791483342692959,0.09327858340325401
651_T1_vs_T3,longitudinal,5,RFArm_to_RHand_rz,RFArm_to_RHand,rz,0.17900579458162424,0.3666162754698765,0.18761048088825227,0.0791483342692959,0.09327858340325401
651_T1_vs_T3,longitudinal,5,RShin_to_RFoot_rx,RShin_to_RFoot,rx,0.0009694851349968187,0.02330496064929987,0.022335475514303052,0.0791483342692959,0.09327858340325401
651_T1_vs_T3,longitudinal,5,RShin_to_RFoot_ry,RShin_to_RFoot,ry,0.06212030794702817,0.01399701262356827,-0.0481232953234599,0.0791483342692959,0.09327858340325401
651_T1_vs_T3,longitudinal,5,RShin_to_RFoot_rz,RShin_to_RFoot,rz,0.004877810081288777,0.004228570719444128,-0.0006492393618446491,0.0791483342692959,0.09327858340325401
651_T1_vs_T3,longitudinal,5,RShoulder_to_RUArm_rx,RShoulder_to_RUArm,rx,0.2605252667932939,0.06983252767051147,-0.19069273912278245,0.0791483342692959,0.09327858340325401
651_T1_vs_T3,longitudinal,5,RShoulder_to_RUArm_ry,RShoulder_to_RUArm,ry,0.048461117838987794,0.027544470237633848,-0.020916647601353946,0.0791483342692959,0.09327858340325401
651_T1_vs_T3,longitudinal,5,RShoulder_to_RUArm_rz,RShoulder_to_RUArm,rz,0.12001761111103157,0.20099882484607554,0.08098121373504397,0.0791483342692959,0.09327858340325401
651_T1_vs_T3,longitudinal,5,RThigh_to_RShin_rx,RThigh_to_RShin,rx,0.010928887335033102,0.1394492512078294,0.12852036387279628,0.0791483342692959,0.09327858340325401
651_T1_vs_T3,longitudinal,5,RThigh_to_RShin_ry,RThigh_to_RShin,ry,4.740851805149403e-09,3.804614067363847e-09,-9.362377377855555e-10,0.0791483342692959,0.09327858340325401
651_T1_vs_T3,longitudinal,5,RThigh_to_RShin_rz,RThigh_to_RShin,rz,7.957723529464465e-09,1.0899611756060292e-08,2.941888226595827e-09,0.0791483342692959,0.09327858340325401
651_T1_vs_T3,longitudinal,5,RUArm_to_RFArm_rx,RUArm_to_RFArm,rx,0.4317542366886077,0.4047107863695961,-0.027043450319011564,0.0791483342692959,0.09327858340325401
651_T1_vs_T3,longitudinal,5,RUArm_to_RFArm_ry,RUArm_to_RFArm,ry,0.08113295340990097,0.04734499000266312,-0.033787963407237845,0.0791483342692959,0.09327858340325401
651_T1_vs_T3,longitudinal,5,RUArm_to_RFArm_rz,RUArm_to_RFArm,rz,0.47387576669030845,0.40923641522873166,-0.06463935146157679,0.0791483342692959,0.09327858340325401
651_T1_vs_T3,longitudinal,6,Chest_to_LShoulder_rx,Chest_to_LShoulder,rx,0.017729618169376904,0.028588348304132476,0.010858730134755572,0.041097269337767556,0.06544343583558648
651_T1_vs_T3,longitudinal,6,Chest_to_LShoulder_ry,Chest_to_LShoulder,ry,0.07912689896167946,0.027271320674665398,-0.051855578287014065,0.041097269337767556,0.06544343583558648
651_T1_vs_T3,longitudinal,6,Chest_to_LShoulder_rz,Chest_to_LShoulder,rz,0.017827123459980342,0.002355346454124505,-0.015471777005855837,0.041097269337767556,0.06544343583558648
651_T1_vs_T3,longitudinal,6,Chest_to_Neck_rx,Chest_to_Neck,rx,0.0780589092816683,0.07368106980359604,-0.004377839478072257,0.041097269337767556,0.06544343583558648
651_T1_vs_T3,longitudinal,6,Chest_to_Neck_ry,Chest_to_Neck,ry,0.06870883390974958,0.08575064333643459,0.017041809426685012,0.041097269337767556,0.06544343583558648
651_T1_vs_T3,longitudinal,6,Chest_to_Neck_rz,Chest_to_Neck,rz,0.008539073693742676,0.0036062800205813204,-0.004932793673161355,0.041097269337767556,0.06544343583558648
651_T1_vs_T3,longitudinal,6,Chest_to_RShoulder_rx,Chest_to_RShoulder,rx,0.06757525147480553,0.03670053890352686,-0.03087471257127867,0.041097269337767556,0.06544343583558648
651_T1_vs_T3,longitudinal,6,Chest_to_RShoulder_ry,Chest_to_RShoulder,ry,0.051779450771626455,0.009751528660583791,-0.04202792211104266,0.041097269337767556,0.06544343583558648
651_T1_vs_T3,longitudinal,6,Chest_to_RShoulder_rz,Chest_to_RShoulder,rz,0.022191215549376895,0.039039947340816485,0.01684873179143959,0.041097269337767556,0.06544343583558648
651_T1_vs_T3,longitudinal,6,LFArm_to_LHand_rx,LFArm_to_LHand,rx,0.3524974497232228,0.1694615642101683,-0.18303588551305447,0.041097269337767556,0.06544343583558648
651_T1_vs_T3,longitudinal,6,LFArm_to_LHand_ry,LFArm_to_LHand,ry,0.10786344360782663,0.04033098059770928,-0.06753246301011734,0.041097269337767556,0.06544343583558648
651_T1_vs_T3,longitudinal,6,LFArm_to_LHand_rz,LFArm_to_LHand,rz,0.372998252510848,0.6339202055168791,0.2609219530060311,0.041097269337767556,0.06544343583558648
651_T1_vs_T3,longitudinal,6,LShin_to_LFoot_rx,LShin_to_LFoot,rx,0.024699578205180338,0.019061957179417787,-0.005637621025762551,0.041097269337767556,0.06544343583558648
651_T1_vs_T3,longitudinal,6,LShin_to_LFoot_ry,LShin_to_LFoot,ry,0.13872871582534466,0.16429517966853194,0.02556646384318728,0.041097269337767556,0.06544343583558648
651_T1_vs_T3,longitudinal,6,LShin_to_LFoot_rz,LShin_to_LFoot,rz,0.008677525691471205,0.003615889595219571,-0.005061636096251635,0.041097269337767556,0.06544343583558648
651_T1_vs_T3,longitudinal,6,LShoulder_to_LUArm_rx,LShoulder_to_LUArm,rx,0.05418751213915674,0.05635700289165285,0.00216949075249611,0.041097269337767556,0.06544343583558648
651_T1_vs_T3,longitudinal,6,LShoulder_to_LUArm_ry,LShoulder_to_LUArm,ry,0.2229941273046999,0.11580745075775231,-0.10718667654694758,0.041097269337767556,0.06544343583558648
651_T1_vs_T3,longitudinal,6,LShoulder_to_LUArm_rz,LShoulder_to_LUArm,rz,0.016474427309413276,0.011601201761775154,-0.0048732255476381225,0.041097269337767556,0.06544343583558648
651_T1_vs_T3,longitudinal,6,LThigh_to_LShin_rx,LThigh_to_LShin,rx,0.13560682211062644,0.11224177434985448,-0.02336504776077196,0.041097269337767556,0.06544343583558648
651_T1_vs_T3,longitudinal,6,LThigh_to_LShin_ry,LThigh_to_LShin,ry,1.7220952914643703e-08,1.6408220466019615e-08,-8.127324486240879e-10,0.041097269337767556,0.06544343583558648
651_T1_vs_T3,longitudinal,6,LThigh_to_LShin_rz,LThigh_to_LShin,rz,1.185166479771787e-08,2.7076181748075408e-09,-9.14404662291033e-09,0.041097269337767556,0.06544343583558648
651_T1_vs_T3,longitudinal,6,LUArm_to_LFArm_rx,LUArm_to_LFArm,rx,0.032485908742191545,0.26511803713144944,0.2326321283892579,0.041097269337767556,0.06544343583558648
651_T1_vs_T3,longitudinal,6,LUArm_to_LFArm_ry,LUArm_to_LFArm,ry,0.3371150448436568,0.33776386029420075,0.0006488154505439603,0.041097269337767556,0.06544343583558648
651_T1_vs_T3,longitudinal,6,LUArm_to_LFArm_rz,LUArm_to_LFArm,rz,0.0680394239636415,0.23930410978878658,0.1712646858251451,0.041097269337767556,0.06544343583558648
651_T1_vs_T3,longitudinal,6,Neck_to_Head_rx,Neck_to_Head,rx,0.07805890992858616,0.07368105084016235,-0.004377859088423808,0.041097269337767556,0.06544343583558648
651_T1_vs_T3,longitudinal,6,Neck_to_Head_ry,Neck_to_Head,ry,0.06870880410983293,0.08575062352660479,0.017041819416771853,0.041097269337767556,0.06544343583558648
651_T1_vs_T3,longitudinal,6,Neck_to_Head_rz,Neck_to_Head,rz,0.008539083100245873,0.003606293915912234,-0.004932789184333639,0.041097269337767556,0.06544343583558648
651_T1_vs_T3,longitudinal,6,RFArm_to_RHand_rx,RFArm_to_RHand,rx,0.24581663539071918,0.15061100933830918,-0.09520562605241001,0.041097269337767556,0.06544343583558648
651_T1_vs_T3,longitudinal,6,RFArm_to_RHand_ry,RFArm_to_RHand,ry,0.08860630197400168,0.09147682486147736,0.0028705228874756766,0.041097269337767556,0.06544343583558648
651_T1_vs_T3,longitudinal,6,RFArm_to_RHand_rz,RFArm_to_RHand,rz,0.3634353467920783,0.24970478534435983,-0.11373056144771845,0.041097269337767556,0.06544343583558648
651_T1_vs_T3,longitudinal,6,RShin_to_RFoot_rx,RShin_to_RFoot,rx,0.05938769007070756,0.04957630623185769,-0.009811383838849864,0.041097269337767556,0.06544343583558648
651_T1_vs_T3,longitudinal,6,RShin_to_RFoot_ry,RShin_to_RFoot,ry,0.22262877176602966,0.20535186886812032,-0.01727690289790934,0.041097269337767556,0.06544343583558648
651_T1_vs_T3,longitudinal,6,RShin_to_RFoot_rz,RShin_to_RFoot,rz,0.018946413136594727,0.01138466791508458,-0.007561745221510147,0.041097269337767556,0.06544343583558648
651_T1_vs_T3,longitudinal,6,RShoulder_to_RUArm_rx,RShoulder_to_RUArm,rx,0.25787482327072886,0.15030830054712963,-0.10756652272359923,0.041097269337767556,0.06544343583558648
651_T1_vs_T3,longitudinal,6,RShoulder_to_RUArm_ry,RShoulder_to_RUArm,ry,0.017045811400275935,0.04272030594310356,0.025674494542827626,0.041097269337767556,0.06544343583558648
651_T1_vs_T3,longitudinal,6,RShoulder_to_RUArm_rz,RShoulder_to_RUArm,rz,0.03102441046499092,0.01941652352583109,-0.011607886939159831,0.041097269337767556,0.06544343583558648
651_T1_vs_T3,longitudinal,6,RThigh_to_RShin_rx,RThigh_to_RShin,rx,0.22184684668790322,0.15522708253084413,-0.06661976415705909,0.041097269337767556,0.06544343583558648
651_T1_vs_T3,longitudinal,6,RThigh_to_RShin_ry,RThigh_to_RShin,ry,1.188440558803171e-08,6.290389305353199e-09,-5.594016282678511e-09,0.041097269337767556,0.06544343583558648
651_T1_vs_T3,longitudinal,6,RThigh_to_RShin_rz,RThigh_to_RShin,rz,7.016540857008175e-09,1.1841851204852263e-08,4.825310347844088e-09,0.041097269337767556,0.06544343583558648
651_T1_vs_T3,longitudinal,6,RUArm_to_RFArm_rx,RUArm_to_RFArm,rx,0.10261230205853315,0.1045028602817079,0.001890558223174743,0.041097269337767556,0.06544343583558648
651_T1_vs_T3,longitudinal,6,RUArm_to_RFArm_ry,RUArm_to_RFArm,ry,0.21585771967768944,0.12119899291162356,-0.09465872676606588,0.041097269337767556,0.06544343583558648
651_T1_vs_T3,longitudinal,6,RUArm_to_RFArm_rz,RUArm_to_RFArm,rz,0.22380039486038822,0.16336876444354198,-0.06043163041684624,0.041097269337767556,0.06544343583558648
651_T1_R1_vs_R2,natural_variability,1,651_to_Ab_rx,651_to_Ab,rx,0.025480490022024488,0.02691413996495188,0.001433649942927391,0.2524645014184479,0.34078089662726835
651_T1_R1_vs_R2,natural_variability,1,651_to_Ab_ry,651_to_Ab,ry,0.058305826474107904,0.04756345780320305,-0.010742368670904855,0.2524645014184479,0.34078089662726835
651_T1_R1_vs_R2,natural_variability,1,651_to_Ab_rz,651_to_Ab,rz,0.002281306818266151,0.003796673789181221,0.0015153669709150703,0.2524645014184479,0.34078089662726835
651_T1_R1_vs_R2,natural_variability,1,651_to_LThigh_rx,651_to_LThigh,rx,0.03880881716848306,0.05577306782180786,0.016964250653324797,0.2524645014184479,0.34078089662726835
651_T1_R1_vs_R2,natural_variability,1,651_to_LThigh_ry,651_to_LThigh,ry,0.012191420129806023,0.008211617350040747,-0.003979802779765276,0.2524645014184479,0.34078089662726835
651_T1_R1_vs_R2,natural_variability,1,651_to_LThigh_rz,651_to_LThigh,rz,0.01006398222507382,0.022913243054587886,0.012849260829514066,0.2524645014184479,0.34078089662726835
651_T1_R1_vs_R2,natural_variability,1,651_to_RThigh_rx,651_to_RThigh,rx,0.1384563964167965,0.13514322948279792,-0.003313166933998579,0.2524645014184479,0.34078089662726835
651_T1_R1_vs_R2,natural_variability,1,651_to_RThigh_ry,651_to_RThigh,ry,0.01582230441700331,0.007435120455955391,-0.008387183961047918,0.2524645014184479,0.34078089662726835
651_T1_R1_vs_R2,natural_variability,1,651_to_RThigh_rz,651_to_RThigh,rz,0.011603376512092317,0.0019484285997887004,-0.009654947912303617,0.2524645014184479,0.34078089662726835
651_T1_R1_vs_R2,natural_variability,1,Ab_to_Chest_rx,Ab_to_Chest,rx,0.025751192463676704,0.02699662133641362,0.0012454288727369173,0.2524645014184479,0.34078089662726835
651_T1_R1_vs_R2,natural_variability,1,Ab_to_Chest_ry,Ab_to_Chest,ry,0.05813392879601129,0.04725529042819053,-0.010878638367820763,0.2524645014184479,0.34078089662726835
651_T1_R1_vs_R2,natural_variability,1,Ab_to_Chest_rz,Ab_to_Chest,rz,0.004714504783281433,0.012197028106847838,0.007482523323566405,0.2524645014184479,0.34078089662726835
651_T1_R1_vs_R2,natural_variability,1,Chest_to_LShoulder_rx,Chest_to_LShoulder,rx,0.048472235683983594,0.043194097747265146,-0.005278137936718448,0.2524645014184479,0.34078089662726835
651_T1_R1_vs_R2,natural_variability,1,Chest_to_LShoulder_ry,Chest_to_LShoulder,ry,0.002700581709795674,0.005640833084958472,0.002940251375162798,0.2524645014184479,0.34078089662726835
651_T1_R1_vs_R2,natural_variability,1,Chest_to_LShoulder_rz,Chest_to_LShoulder,rz,0.055204964965122186,0.07240238070359875,0.017197415738476565,0.2524645014184479,0.34078089662726835
651_T1_R1_vs_R2,natural_variability,1,Chest_to_Neck_rx,Chest_to_Neck,rx,0.02201113010022107,0.03481637075065528,0.012805240650434209,0.2524645014184479,0.34078089662726835
651_T1_R1_vs_R2,natural_variability,1,Chest_to_Neck_ry,Chest_to_Neck,ry,0.09008052491520376,0.0738129718661843,-0.01626755304901946,0.2524645014184479,0.34078089662726835
651_T1_R1_vs_R2,natural_variability,1,Chest_to_Neck_rz,Chest_to_Neck,rz,0.008295213617309546,0.009409704646432347,0.0011144910291228,0.2524645014184479,0.34078089662726835
651_T1_R1_vs_R2,natural_variability,1,Chest_to_RShoulder_rx,Chest_to_RShoulder,rx,0.08838570356527922,0.08946893614851253,0.0010832325832333123,0.2524645014184479,0.34078089662726835
651_T1_R1_vs_R2,natural_variability,1,Chest_to_RShoulder_ry,Chest_to_RShoulder,ry,0.01980407139959772,0.020479987883750578,0.0006759164841528588,0.2524645014184479,0.34078089662726835
651_T1_R1_vs_R2,natural_variability,1,Chest_to_RShoulder_rz,Chest_to_RShoulder,rz,0.09218661606215657,0.10533716374639408,0.013150547684237512,0.2524645014184479,0.34078089662726835
651_T1_R1_vs_R2,natural_variability,1,LFArm_to_LHand_rx,LFArm_to_LHand,rx,0.049652724562057486,0.12401494270247035,0.07436221814041286,0.2524645014184479,0.34078089662726835
651_T1_R1_vs_R2,natural_variability,1,LFArm_to_LHand_ry,LFArm_to_LHand,ry,0.055849517716540314,0.0249510719555275,-0.030898445761012815,0.2524645014184479,0.34078089662726835
651_T1_R1_vs_R2,natural_variability,1,LFArm_to_LHand_rz,LFArm_to_LHand,rz,0.031776213811409534,0.03722990596182491,0.005453692150415378,0.2524645014184479,0.34078089662726835
651_T1_R1_vs_R2,natural_variability,1,LShin_to_LFoot_rx,LShin_to_LFoot,rx,0.005090919257752555,0.009473938024728122,0.004383018766975567,0.2524645014184479,0.34078089662726835
651_T1_R1_vs_R2,natural_variability,1,LShin_to_LFoot_ry,LShin_to_LFoot,ry,0.12406910744273585,0.08704817394532934,-0.03702093349740651,0.2524645014184479,0.34078089662726835
651_T1_R1_vs_R2,natural_variability,1,LShin_to_LFoot_rz,LShin_to_LFoot,rz,0.03121106570683502,0.03192059593481186,0.0007095302279768421,0.2524645014184479,0.34078089662726835
651_T1_R1_vs_R2,natural_variability,1,LShoulder_to_LUArm_rx,LShoulder_to_LUArm,rx,0.0978097930598347,0.07158007328332595,-0.026229719776508745,0.2524645014184479,0.34078089662726835
651_T1_R1_vs_R2,natural_variability,1,LShoulder_to_LUArm_ry,LShoulder_to_LUArm,ry,0.07779702126693461,0.0660705649447122,-0.011726456322222412,0.2524645014184479,0.34078089662726835
651_T1_R1_vs_R2,natural_variability,1,LShoulder_to_LUArm_rz,LShoulder_to_LUArm,rz,0.020920109910858825,0.004097982140617566,-0.01682212777024126,0.2524645014184479,0.34078089662726835
651_T1_R1_vs_R2,natural_variability,1,LThigh_to_LShin_rx,LThigh_to_LShin,rx,0.04622409791489554,0.06476984475977031,0.01854574684487477,0.2524645014184479,0.34078089662726835
651_T1_R1_vs_R2,natural_variability,1,LThigh_to_LShin_ry,LThigh_to_LShin,ry,9.080441628211499e-09,4.079862239200467e-09,-5.000579389011032e-09,0.2524645014184479,0.34078089662726835
651_T1_R1_vs_R2,natural_variability,1,LThigh_to_LShin_rz,LThigh_to_LShin,rz,1.1586882400166672e-08,1.4087737002892074e-08,2.5008546027254016e-09,0.2524645014184479,0.34078089662726835
651_T1_R1_vs_R2,natural_variability,1,LUArm_to_LFArm_rx,LUArm_to_LFArm,rx,0.1717960866680391,0.17379177252586234,0.001995685857823226,0.2524645014184479,0.34078089662726835
651_T1_R1_vs_R2,natural_variability,1,LUArm_to_LFArm_ry,LUArm_to_LFArm,ry,0.5490760008651132,0.4306133042690777,-0.11846269659603553,0.2524645014184479,0.34078089662726835
651_T1_R1_vs_R2,natural_variability,1,LUArm_to_LFArm_rz,LUArm_to_LFArm,rz,0.10893910122078486,0.1146425194132609,0.005703418192476037,0.2524645014184479,0.34078089662726835
651_T1_R1_vs_R2,natural_variability,1,Neck_to_Head_rx,Neck_to_Head,rx,0.022011142027530267,0.03481637892093732,0.012805236893407054,0.2524645014184479,0.34078089662726835
651_T1_R1_vs_R2,natural_variability,1,Neck_to_Head_ry,Neck_to_Head,ry,0.09008051344474105,0.0738129705617074,-0.016267542883033656,0.2524645014184479,0.34078089662726835
651_T1_R1_vs_R2,natural_variability,1,Neck_to_Head_rz,Neck_to_Head,rz,0.00829521559310825,0.009409694752996689,0.0011144791598884391,0.2524645014184479,0.34078089662726835
651_T1_R1_vs_R2,natural_variability,1,RFArm_to_RHand_rx,RFArm_to_RHand,rx,0.15432387498650302,0.14739127038245411,-0.006932604604048903,0.2524645014184479,0.34078089662726835
651_T1_R1_vs_R2,natural_variability,1,RFArm_to_RHand_ry,RFArm_to_RHand,ry,0.006192953153369501,0.026005260632921745,0.019812307479552243,0.2524645014184479,0.34078089662726835
651_T1_R1_vs_R2,natural_variability,1,RFArm_to_RHand_rz,RFArm_to_RHand,rz,0.5622114995991293,0.6284287271606938,0.06621722756156445,0.2524645014184479,0.34078089662726835
651_T1_R1_vs_R2,natural_variability,1,RShin_to_RFoot_rx,RShin_to_RFoot,rx,0.026102044425121488,0.03333428689827133,0.007232242473149842,0.2524645014184479,0.34078089662726835
651_T1_R1_vs_R2,natural_variability,1,RShin_to_RFoot_ry,RShin_to_RFoot,ry,0.09033408818853106,0.047000775987242144,-0.043333312201288915,0.2524645014184479,0.34078089662726835
651_T1_R1_vs_R2,natural_variability,1,RShin_to_RFoot_rz,RShin_to_RFoot,rz,0.0051872786837824265,0.005450060512216985,0.00026278182843455806,0.2524645014184479,0.34078089662726835
651_T1_R1_vs_R2,natural_variability,1,RShoulder_to_RUArm_rx,RShoulder_to_RUArm,rx,0.21080794638605385,0.21173755331352584,0.0009296069274719876,0.2524645014184479,0.34078089662726835
651_T1_R1_vs_R2,natural_variability,1,RShoulder_to_RUArm_ry,RShoulder_to_RUArm,ry,0.01740540572827075,0.02206282007061447,0.004657414342343718,0.2524645014184479,0.34078089662726835
651_T1_R1_vs_R2,natural_variability,1,RShoulder_to_RUArm_rz,RShoulder_to_RUArm,rz,0.11895747812146083,0.1325015439439719,0.013544065822511067,0.2524645014184479,0.34078089662726835
651_T1_R1_vs_R2,natural_variability,1,RThigh_to_RShin_rx,RThigh_to_RShin,rx,0.1548029090609378,0.17391459931269126,0.019111690251753466,0.2524645014184479,0.34078089662726835
651_T1_R1_vs_R2,natural_variability,1,RThigh_to_RShin_ry,RThigh_to_RShin,ry,3.1001122694666335e-09,2.8292239961415237e-09,-2.7088827332510976e-10,0.2524645014184479,0.34078089662726835
651_T1_R1_vs_R2,natural_variability,1,RThigh_to_RShin_rz,RThigh_to_RShin,rz,3.3780093461522956e-09,2.587353248453596e-09,-7.906560976986994e-10,0.2524645014184479,0.34078089662726835
651_T1_R1_vs_R2,natural_variability,1,RUArm_to_RFArm_rx,RUArm_to_RFArm,rx,0.20710638036085374,0.24789526015331076,0.04078887979245702,0.2524645014184479,0.34078089662726835
651_T1_R1_vs_R2,natural_variability,1,RUArm_to_RFArm_ry,RUArm_to_RFArm,ry,0.1614186094629665,0.153786555033216,-0.007632054429750484,0.2524645014184479,0.34078089662726835
651_T1_R1_vs_R2,natural_variability,1,RUArm_to_RFArm_rz,RUArm_to_RFArm,rz,0.21556665054404558,0.2534896208898917,0.0379229703458461,0.2524645014184479,0.34078089662726835
651_T1_R1_vs_R2,natural_variability,2,651_to_Ab_rx,651_to_Ab,rx,0.045956734891832496,0.018986806014868626,-0.02696992887696387,0.20202825485209508,0.21583925412684618
651_T1_R1_vs_R2,natural_variability,2,651_to_Ab_ry,651_to_Ab,ry,0.007353685387668965,0.005239355253735581,-0.0021143301339333837,0.20202825485209508,0.21583925412684618
651_T1_R1_vs_R2,natural_variability,2,651_to_Ab_rz,651_to_Ab,rz,0.004069900804315118,0.0037987009244543363,-0.00027119987986078207,0.20202825485209508,0.21583925412684618
651_T1_R1_vs_R2,natural_variability,2,651_to_LThigh_rx,651_to_LThigh,rx,0.12266476940216497,0.05004314008528954,-0.07262162931687544,0.20202825485209508,0.21583925412684618
651_T1_R1_vs_R2,natural_variability,2,651_to_LThigh_ry,651_to_LThigh,ry,0.0025814322351368434,0.0023468037535479937,-0.0002346284815888497,0.20202825485209508,0.21583925412684618
651_T1_R1_vs_R2,natural_variability,2,651_to_LThigh_rz,651_to_LThigh,rz,0.0056028801403657695,0.007630000292476906,0.0020271201521111365,0.20202825485209508,0.21583925412684618
651_T1_R1_vs_R2,natural_variability,2,651_to_RThigh_rx,651_to_RThigh,rx,0.16880117549006357,0.052642427095207105,-0.11615874839485646,0.20202825485209508,0.21583925412684618
651_T1_R1_vs_R2,natural_variability,2,651_to_RThigh_ry,651_to_RThigh,ry,0.003741803718970695,0.011475884311819265,0.00773408059284857,0.20202825485209508,0.21583925412684618
651_T1_R1_vs_R2,natural_variability,2,651_to_RThigh_rz,651_to_RThigh,rz,0.07202183254581741,0.034075923748871695,-0.03794590879694572,0.20202825485209508,0.21583925412684618
651_T1_R1_vs_R2,natural_variability,2,Ab_to_Chest_rx,Ab_to_Chest,rx,0.04602332142062778,0.01911968178519863,-0.02690363963542915,0.20202825485209508,0.21583925412684618
651_T1_R1_vs_R2,natural_variability,2,Ab_to_Chest_ry,Ab_to_Chest,ry,0.006720685751378088,0.00468310000691765,-0.0020375857444604375,0.20202825485209508,0.21583925412684618
651_T1_R1_vs_R2,natural_variability,2,Ab_to_Chest_rz,Ab_to_Chest,rz,0.018290911357209717,0.018178757247807594,-0.0001121541094021225,0.20202825485209508,0.21583925412684618
651_T1_R1_vs_R2,natural_variability,2,Chest_to_LShoulder_rx,Chest_to_LShoulder,rx,0.07142458838628442,0.03494610561707979,-0.03647848276920463,0.20202825485209508,0.21583925412684618
651_T1_R1_vs_R2,natural_variability,2,Chest_to_LShoulder_ry,Chest_to_LShoulder,ry,0.03232500181571893,0.024160538163924248,-0.008164463651794681,0.20202825485209508,0.21583925412684618
651_T1_R1_vs_R2,natural_variability,2,Chest_to_LShoulder_rz,Chest_to_LShoulder,rz,0.20973078790296773,0.161370640640811,-0.04836014726215673,0.20202825485209508,0.21583925412684618
651_T1_R1_vs_R2,natural_variability,2,Chest_to_Neck_rx,Chest_to_Neck,rx,0.07229790235881019,0.02964940363330091,-0.04264849872550928,0.20202825485209508,0.21583925412684618
651_T1_R1_vs_R2,natural_variability,2,Chest_to_Neck_ry,Chest_to_Neck,ry,0.005367382179545101,0.005702837930044129,0.00033545575049902764,0.20202825485209508,0.21583925412684618
651_T1_R1_vs_R2,natural_variability,2,Chest_to_Neck_rz,Chest_to_Neck,rz,0.040120176959769986,0.034424346250103044,-0.005695830709666942,0.20202825485209508,0.21583925412684618
651_T1_R1_vs_R2,natural_variability,2,Chest_to_RShoulder_rx,Chest_to_RShoulder,rx,0.035422866365440876,0.014554915011899724,-0.02086795135354115,0.20202825485209508,0.21583925412684618
651_T1_R1_vs_R2,natural_variability,2,Chest_to_RShoulder_ry,Chest_to_RShoulder,ry,0.015385667906579656,0.02717243321478756,0.011786765308207903,0.20202825485209508,0.21583925412684618
651_T1_R1_vs_R2,natural_variability,2,Chest_to_RShoulder_rz,Chest_to_RShoulder,rz,0.024700548823492253,0.06099157032932352,0.03629102150583127,0.20202825485209508,0.21583925412684618
651_T1_R1_vs_R2,natural_variability,2,LFArm_to_LHand_rx,LFArm_to_LHand,rx,0.2250552307788247,0.10638032352769242,-0.11867490725113228,0.20202825485209508,0.21583925412684618
651_T1_R1_vs_R2,natural_variability,2,LFArm_to_LHand_ry,LFArm_to_LHand,ry,0.023295966544705022,0.06891745505628494,0.04562148851157992,0.20202825485209508,0.21583925412684618
651_T1_R1_vs_R2,natural_variability,2,LFArm_to_LHand_rz,LFArm_to_LHand,rz,0.1171870580098159,0.6233534076756635,0.5061663496658476,0.20202825485209508,0.21583925412684618
651_T1_R1_vs_R2,natural_variability,2,LShin_to_LFoot_rx,LShin_to_LFoot,rx,0.01346979900828871,0.008039318221672927,-0.005430480786615783,0.20202825485209508,0.21583925412684618
651_T1_R1_vs_R2,natural_variability,2,LShin_to_LFoot_ry,LShin_to_LFoot,ry,0.027061594169456037,0.002050897849548511,-0.025010696319907526,0.20202825485209508,0.21583925412684618
651_T1_R1_vs_R2,natural_variability,2,LShin_to_LFoot_rz,LShin_to_LFoot,rz,0.038261728052400176,0.00838543491670904,-0.029876293135691137,0.20202825485209508,0.21583925412684618
651_T1_R1_vs_R2,natural_variability,2,LShoulder_to_LUArm_rx,LShoulder_to_LUArm,rx,0.0532440891710639,0.01614697704141615,-0.03709711212964775,0.20202825485209508,0.21583925412684618
651_T1_R1_vs_R2,natural_variability,2,LShoulder_to_LUArm_ry,LShoulder_to_LUArm,ry,0.12257819448952346,0.036629748283908234,-0.08594844620561523,0.20202825485209508,0.21583925412684618
651_T1_R1_vs_R2,natural_variability,2,LShoulder_to_LUArm_rz,LShoulder_to_LUArm,rz,0.34880096858187193,0.19625919944439024,-0.1525417691374817,0.20202825485209508,0.21583925412684618
651_T1_R1_vs_R2,natural_variability,2,LThigh_to_LShin_rx,LThigh_to_LShin,rx,0.15803925786382275,0.06670394861368632,-0.09133530925013643,0.20202825485209508,0.21583925412684618
651_T1_R1_vs_R2,natural_variability,2,LThigh_to_LShin_ry,LThigh_to_LShin,ry,1.1309110382760765e-08,7.083235987435725e-09,-4.22587439532504e-09,0.20202825485209508,0.21583925412684618
651_T1_R1_vs_R2,natural_variability,2,LThigh_to_LShin_rz,LThigh_to_LShin,rz,9.374974459965457e-09,1.271976678036292e-08,3.3447923203974627e-09,0.20202825485209508,0.21583925412684618
651_T1_R1_vs_R2,natural_variability,2,LUArm_to_LFArm_rx,LUArm_to_LFArm,rx,0.11204578122014086,0.1462879919777921,0.03424221075765124,0.20202825485209508,0.21583925412684618
651_T1_R1_vs_R2,natural_variability,2,LUArm_to_LFArm_ry,LUArm_to_LFArm,ry,0.1597804315982353,0.20857386514506024,0.048793433546824944,0.20202825485209508,0.21583925412684618
651_T1_R1_vs_R2,natural_variability,2,LUArm_to_LFArm_rz,LUArm_to_LFArm,rz,0.08111678072436679,0.17157630267526017,0.09045952195089338,0.20202825485209508,0.21583925412684618
651_T1_R1_vs_R2,natural_variability,2,Neck_to_Head_rx,Neck_to_Head,rx,0.07229791144480338,0.029649404237119474,-0.04264850720768391,0.20202825485209508,0.21583925412684618
651_T1_R1_vs_R2,natural_variability,2,Neck_to_Head_ry,Neck_to_Head,ry,0.0053673759385501445,0.0057028391837548155,0.00033546324520467106,0.20202825485209508,0.21583925412684618
651_T1_R1_vs_R2,natural_variability,2,Neck_to_Head_rz,Neck_to_Head,rz,0.04012013538020674,0.034424334972114654,-0.005695800408092089,0.20202825485209508,0.21583925412684618
651_T1_R1_vs_R2,natural_variability,2,RFArm_to_RHand_rx,RFArm_to_RHand,rx,0.07124012953699041,0.02102538512619991,-0.050214744410790504,0.20202825485209508,0.21583925412684618
651_T1_R1_vs_R2,natural_variability,2,RFArm_to_RHand_ry,RFArm_to_RHand,ry,0.13431714143414727,0.17906026841881836,0.04474312698467109,0.20202825485209508,0.21583925412684618
651_T1_R1_vs_R2,natural_variability,2,RFArm_to_RHand_rz,RFArm_to_RHand,rz,0.045394630524706533,0.22660867267499687,0.18121404215029036,0.20202825485209508,0.21583925412684618
651_T1_R1_vs_R2,natural_variability,2,RShin_to_RFoot_rx,RShin_to_RFoot,rx,0.026917099094490988,0.010192625185548075,-0.01672447390894291,0.20202825485209508,0.21583925412684618
651_T1_R1_vs_R2,natural_variability,2,RShin_to_RFoot_ry,RShin_to_RFoot,ry,0.028939792659018016,0.04101361489008706,0.012073822231069047,0.20202825485209508,0.21583925412684618
651_T1_R1_vs_R2,natural_variability,2,RShin_to_RFoot_rz,RShin_to_RFoot,rz,0.0376511005147121,0.020953809225479795,-0.016697291289232304,0.20202825485209508,0.21583925412684618
651_T1_R1_vs_R2,natural_variability,2,RShoulder_to_RUArm_rx,RShoulder_to_RUArm,rx,0.08656044661541298,0.03169378078658168,-0.054866665828831304,0.20202825485209508,0.21583925412684618
651_T1_R1_vs_R2,natural_variability,2,RShoulder_to_RUArm_ry,RShoulder_to_RUArm,ry,0.06022846324267411,0.022442817856509006,-0.037785645386165106,0.20202825485209508,0.21583925412684618
651_T1_R1_vs_R2,natural_variability,2,RShoulder_to_RUArm_rz,RShoulder_to_RUArm,rz,0.054825696129574726,0.03096836373653739,-0.023857332393037337,0.20202825485209508,0.21583925412684618
651_T1_R1_vs_R2,natural_variability,2,RThigh_to_RShin_rx,RThigh_to_RShin,rx,0.21812109335269575,0.0838892841924183,-0.13423180916027744,0.20202825485209508,0.21583925412684618
651_T1_R1_vs_R2,natural_variability,2,RThigh_to_RShin_ry,RThigh_to_RShin,ry,2.4875606026692335e-08,2.193942239095535e-08,-2.9361836357369847e-09,0.20202825485209508,0.21583925412684618
651_T1_R1_vs_R2,natural_variability,2,RThigh_to_RShin_rz,RThigh_to_RShin,rz,7.999550385750806e-09,1.1574983979794634e-08,3.575433594043828e-09,0.20202825485209508,0.21583925412684618
651_T1_R1_vs_R2,natural_variability,2,RUArm_to_RFArm_rx,RUArm_to_RFArm,rx,0.006230584486881626,0.06501460679533543,0.058784022308453796,0.20202825485209508,0.21583925412684618
651_T1_R1_vs_R2,natural_variability,2,RUArm_to_RFArm_ry,RUArm_to_RFArm,ry,0.7120330827446361,0.5582976944837479,-0.15373538826088817,0.20202825485209508,0.21583925412684618
651_T1_R1_vs_R2,natural_variability,2,RUArm_to_RFArm_rz,RUArm_to_RFArm,rz,0.08496267462108441,0.018530018123518077,-0.06643265649756633,0.20202825485209508,0.21583925412684618
651_T1_R1_vs_R2,natural_variability,3,651_to_Ab_rx,651_to_Ab,rx,0.018736180350580754,0.04328242460881062,0.024546244258229866,0.15141759750246903,0.1732698414797611
651_T1_R1_vs_R2,natural_variability,3,651_to_Ab_ry,651_to_Ab,ry,0.003664483500287736,0.007265526424825556,0.00360104292453782,0.15141759750246903,0.1732698414797611
651_T1_R1_vs_R2,natural_variability,3,651_to_Ab_rz,651_to_Ab,rz,0.0021528812231971874,0.0009509135134597535,-0.001201967709737434,0.15141759750246903,0.1732698414797611
651_T1_R1_vs_R2,natural_variability,3,651_to_LThigh_rx,651_to_LThigh,rx,0.04774609568398288,0.10426765497175362,0.056521559287770744,0.15141759750246903,0.1732698414797611
651_T1_R1_vs_R2,natural_variability,3,651_to_LThigh_ry,651_to_LThigh,ry,0.0009195410869668524,0.0011631324398168605,0.00024359135285000814,0.15141759750246903,0.1732698414797611
651_T1_R1_vs_R2,natural_variability,3,651_to_LThigh_rz,651_to_LThigh,rz,0.025243226965478184,0.025488091481318326,0.0002448645158401423,0.15141759750246903,0.1732698414797611
651_T1_R1_vs_R2,natural_variability,3,651_to_RThigh_rx,651_to_RThigh,rx,0.09819707770368506,0.1893478485865206,0.09115077088283553,0.15141759750246903,0.1732698414797611
651_T1_R1_vs_R2,natural_variability,3,651_to_RThigh_ry,651_to_RThigh,ry,0.007583359337229103,0.0006199474269011962,-0.006963411910327907,0.15141759750246903,0.1732698414797611
651_T1_R1_vs_R2,natural_variability,3,651_to_RThigh_rz,651_to_RThigh,rz,0.018384856258531347,0.060951309539728764,0.04256645328119742,0.15141759750246903,0.1732698414797611
651_T1_R1_vs_R2,natural_variability,3,Ab_to_Chest_rx,Ab_to_Chest,rx,0.018522418388326557,0.04315471323151796,0.024632294843191405,0.15141759750246903,0.1732698414797611
651_T1_R1_vs_R2,natural_variability,3,Ab_to_Chest_ry,Ab_to_Chest,ry,0.0034513376108709637,0.007542722739852506,0.004091385128981542,0.15141759750246903,0.1732698414797611
651_T1_R1_vs_R2,natural_variability,3,Ab_to_Chest_rz,Ab_to_Chest,rz,0.010438840983981294,0.005097266550612968,-0.005341574433368326,0.15141759750246903,0.1732698414797611
651_T1_R1_vs_R2,natural_variability,3,Chest_to_LShoulder_rx,Chest_to_LShoulder,rx,0.019943416314152407,0.055486678453883845,0.03554326213973144,0.15141759750246903,0.1732698414797611
651_T1_R1_vs_R2,natural_variability,3,Chest_to_LShoulder_ry,Chest_to_LShoulder,ry,0.041266563311206636,0.019703705109596386,-0.02156285820161025,0.15141759750246903,0.1732698414797611
651_T1_R1_vs_R2,natural_variability,3,Chest_to_LShoulder_rz,Chest_to_LShoulder,rz,0.04091188706894587,0.09384877765599889,0.05293689058705302,0.15141759750246903,0.1732698414797611
651_T1_R1_vs_R2,natural_variability,3,Chest_to_Neck_rx,Chest_to_Neck,rx,0.02742838184946866,0.05895911924022001,0.03153073739075135,0.15141759750246903,0.1732698414797611
651_T1_R1_vs_R2,natural_variability,3,Chest_to_Neck_ry,Chest_to_Neck,ry,0.018692653822423785,0.030680466941702525,0.01198781311927874,0.15141759750246903,0.1732698414797611
651_T1_R1_vs_R2,natural_variability,3,Chest_to_Neck_rz,Chest_to_Neck,rz,0.011975106660076612,0.015079315650882833,0.0031042089908062207,0.15141759750246903,0.1732698414797611
651_T1_R1_vs_R2,natural_variability,3,Chest_to_RShoulder_rx,Chest_to_RShoulder,rx,0.012616858640731761,0.027968644633201024,0.015351785992469263,0.15141759750246903,0.1732698414797611
651_T1_R1_vs_R2,natural_variability,3,Chest_to_RShoulder_ry,Chest_to_RShoulder,ry,0.030671721484907127,0.002589434228136306,-0.02808228725677082,0.15141759750246903,0.1732698414797611
651_T1_R1_vs_R2,natural_variability,3,Chest_to_RShoulder_rz,Chest_to_RShoulder,rz,0.11879833393247234,0.10110701680043785,-0.017691317132034493,0.15141759750246903,0.1732698414797611
651_T1_R1_vs_R2,natural_variability,3,LFArm_to_LHand_rx,LFArm_to_LHand,rx,0.14439058024800214,0.17372211802348567,0.02933153777548353,0.15141759750246903,0.1732698414797611
651_T1_R1_vs_R2,natural_variability,3,LFArm_to_LHand_ry,LFArm_to_LHand,ry,0.049009539456310335,0.2007583188226983,0.15174877936638795,0.15141759750246903,0.1732698414797611
651_T1_R1_vs_R2,natural_variability,3,LFArm_to_LHand_rz,LFArm_to_LHand,rz,0.704525811266762,0.3103629985153769,-0.39416281275138504,0.15141759750246903,0.1732698414797611
651_T1_R1_vs_R2,natural_variability,3,LShin_to_LFoot_rx,LShin_to_LFoot,rx,0.0063813350197421195,0.01658020847764273,0.01019887345790061,0.15141759750246903,0.1732698414797611
651_T1_R1_vs_R2,natural_variability,3,LShin_to_LFoot_ry,LShin_to_LFoot,ry,0.026696208043975857,0.057647777698896153,0.030951569654920297,0.15141759750246903,0.1732698414797611
651_T1_R1_vs_R2,natural_variability,3,LShin_to_LFoot_rz,LShin_to_LFoot,rz,0.028219733887219305,0.047486941377641666,0.01926720749042236,0.15141759750246903,0.1732698414797611
651_T1_R1_vs_R2,natural_variability,3,LShoulder_to_LUArm_rx,LShoulder_to_LUArm,rx,0.13357258339665837,0.18020160640263755,0.04662902300597918,0.15141759750246903,0.1732698414797611
651_T1_R1_vs_R2,natural_variability,3,LShoulder_to_LUArm_ry,LShoulder_to_LUArm,ry,0.12223169494021484,0.10562791703323063,-0.01660377790698421,0.15141759750246903,0.1732698414797611
651_T1_R1_vs_R2,natural_variability,3,LShoulder_to_LUArm_rz,LShoulder_to_LUArm,rz,0.011741799463544497,0.13911471555796787,0.12737291609442336,0.15141759750246903,0.1732698414797611
651_T1_R1_vs_R2,natural_variability,3,LThigh_to_LShin_rx,LThigh_to_LShin,rx,0.0700854272693556,0.15512383793592768,0.08503841066657208,0.15141759750246903,0.1732698414797611
651_T1_R1_vs_R2,natural_variability,3,LThigh_to_LShin_ry,LThigh_to_LShin,ry,3.792210719082771e-09,1.1537475950897994e-09,-2.6384631239929715e-09,0.15141759750246903,0.1732698414797611
651_T1_R1_vs_R2,natural_variability,3,LThigh_to_LShin_rz,LThigh_to_LShin,rz,6.312320247766288e-09,6.1617871622227905e-09,-1.5053308554349766e-10,0.15141759750246903,0.1732698414797611
651_T1_R1_vs_R2,natural_variability,3,LUArm_to_LFArm_rx,LUArm_to_LFArm,rx,0.08518049564154107,0.14029874146287982,0.05511824582133876,0.15141759750246903,0.1732698414797611
651_T1_R1_vs_R2,natural_variability,3,LUArm_to_LFArm_ry,LUArm_to_LFArm,ry,0.414386606608778,0.40672190867950336,-0.007664697929274655,0.15141759750246903,0.1732698414797611
651_T1_R1_vs_R2,natural_variability,3,LUArm_to_LFArm_rz,LUArm_to_LFArm,rz,0.07621449836067752,0.18134963123785655,0.10513513287717903,0.15141759750246903,0.1732698414797611
651_T1_R1_vs_R2,natural_variability,3,Neck_to_Head_rx,Neck_to_Head,rx,0.02742840764233695,0.05895916627888516,0.03153075863654821,0.15141759750246903,0.1732698414797611
651_T1_R1_vs_R2,natural_variability,3,Neck_to_Head_ry,Neck_to_Head,ry,0.018692668882503264,0.03068049112068449,0.011987822238181227,0.15141759750246903,0.1732698414797611
651_T1_R1_vs_R2,natural_variability,3,Neck_to_Head_rz,Neck_to_Head,rz,0.011975128806123735,0.015079270619712629,0.0031041418135888937,0.15141759750246903,0.1732698414797611
651_T1_R1_vs_R2,natural_variability,3,RFArm_to_RHand_rx,RFArm_to_RHand,rx,0.12253208372703513,0.14483744027303694,0.02230535654600181,0.15141759750246903,0.1732698414797611
651_T1_R1_vs_R2,natural_variability,3,RFArm_to_RHand_ry,RFArm_to_RHand,ry,0.11382354992810798,0.0016654080881155124,-0.11215814183999247,0.15141759750246903,0.1732698414797611
651_T1_R1_vs_R2,natural_variability,3,RFArm_to_RHand_rz,RFArm_to_RHand,rz,0.34919851715080846,0.32345969656173335,-0.025738820589075118,0.15141759750246903,0.1732698414797611
651_T1_R1_vs_R2,natural_variability,3,RShin_to_RFoot_rx,RShin_to_RFoot,rx,0.013120719854921829,0.02531875709259904,0.012198037237677211,0.15141759750246903,0.1732698414797611
651_T1_R1_vs_R2,natural_variability,3,RShin_to_RFoot_ry,RShin_to_RFoot,ry,0.009467069035875008,0.016444901762983737,0.006977832727108729,0.15141759750246903,0.1732698414797611
651_T1_R1_vs_R2,natural_variability,3,RShin_to_RFoot_rz,RShin_to_RFoot,rz,0.010073634515889473,0.03461882734697661,0.024545192831087137,0.15141759750246903,0.1732698414797611
651_T1_R1_vs_R2,natural_variability,3,RShoulder_to_RUArm_rx,RShoulder_to_RUArm,rx,0.14860557890715345,0.17198111193247406,0.02337553302532061,0.15141759750246903,0.1732698414797611
651_T1_R1_vs_R2,natural_variability,3,RShoulder_to_RUArm_ry,RShoulder_to_RUArm,ry,0.04945158902101891,0.02175486458699561,-0.027696724434023302,0.15141759750246903,0.1732698414797611
651_T1_R1_vs_R2,natural_variability,3,RShoulder_to_RUArm_rz,RShoulder_to_RUArm,rz,0.12795242811717536,0.15242383799374384,0.024471409876568484,0.15141759750246903,0.1732698414797611
651_T1_R1_vs_R2,natural_variability,3,RThigh_to_RShin_rx,RThigh_to_RShin,rx,0.12519269372986414,0.25730447360528064,0.1321117798754165,0.15141759750246903,0.1732698414797611
651_T1_R1_vs_R2,natural_variability,3,RThigh_to_RShin_ry,RThigh_to_RShin,ry,7.800850656528671e-09,9.549920772708295e-09,1.7490701161796235e-09,0.15141759750246903,0.1732698414797611
651_T1_R1_vs_R2,natural_variability,3,RThigh_to_RShin_rz,RThigh_to_RShin,rz,2.598525355223512e-08,2.4728077125754723e-08,-1.2571764264803966e-09,0.15141759750246903,0.1732698414797611
651_T1_R1_vs_R2,natural_variability,3,RUArm_to_RFArm_rx,RUArm_to_RFArm,rx,0.06126410710453682,0.035244103354326095,-0.026020003750210727,0.15141759750246903,0.1732698414797611
651_T1_R1_vs_R2,natural_variability,3,RUArm_to_RFArm_ry,RUArm_to_RFArm,ry,0.07937245837831713,0.41088358781413464,0.3315111294358175,0.15141759750246903,0.1732698414797611
651_T1_R1_vs_R2,natural_variability,3,RUArm_to_RFArm_rz,RUArm_to_RFArm,rz,0.06374548808639845,0.1322325349538689,0.06848704686747047,0.15141759750246903,0.1732698414797611
651_T1_R1_vs_R2,natural_variability,4,651_to_Ab_rx,651_to_Ab,rx,0.007055032076429335,0.026261975154955312,0.019206943078525978,0.08737907578514349,0.13166552796044292
651_T1_R1_vs_R2,natural_variability,4,651_to_Ab_ry,651_to_Ab,ry,0.022599298885667946,0.014241437324745584,-0.008357861560922362,0.08737907578514349,0.13166552796044292
651_T1_R1_vs_R2,natural_variability,4,651_to_Ab_rz,651_to_Ab,rz,0.0016474641890376978,0.005320742751349856,0.0036732785623121585,0.08737907578514349,0.13166552796044292
651_T1_R1_vs_R2,natural_variability,4,651_to_LThigh_rx,651_to_LThigh,rx,0.009664647567149305,0.05887359627830966,0.049208948711160355,0.08737907578514349,0.13166552796044292
651_T1_R1_vs_R2,natural_variability,4,651_to_LThigh_ry,651_to_LThigh,ry,0.006156265591969443,0.008646511744350185,0.0024902461523807415,0.08737907578514349,0.13166552796044292
651_T1_R1_vs_R2,natural_variability,4,651_to_LThigh_rz,651_to_LThigh,rz,0.0003013313554487774,0.033781354732960005,0.03348002337751123,0.08737907578514349,0.13166552796044292
651_T1_R1_vs_R2,natural_variability,4,651_to_RThigh_rx,651_to_RThigh,rx,0.05141383301089861,0.09771689610265642,0.046303063091757815,0.08737907578514349,0.13166552796044292
651_T1_R1_vs_R2,natural_variability,4,651_to_RThigh_ry,651_to_RThigh,ry,0.0019717420553568587,0.009102517100949439,0.007130775045592581,0.08737907578514349,0.13166552796044292
651_T1_R1_vs_R2,natural_variability,4,651_to_RThigh_rz,651_to_RThigh,rz,0.027818016585746508,0.05328862060910471,0.025470604023358205,0.08737907578514349,0.13166552796044292
651_T1_R1_vs_R2,natural_variability,4,Ab_to_Chest_rx,Ab_to_Chest,rx,0.007166345381989974,0.026574608566141352,0.019408263184151377,0.08737907578514349,0.13166552796044292
651_T1_R1_vs_R2,natural_variability,4,Ab_to_Chest_ry,Ab_to_Chest,ry,0.022846686060684157,0.014948501359586969,-0.007898184701097188,0.08737907578514349,0.13166552796044292
651_T1_R1_vs_R2,natural_variability,4,Ab_to_Chest_rz,Ab_to_Chest,rz,0.010124200369089982,0.025889274232875497,0.015765073863785513,0.08737907578514349,0.13166552796044292
651_T1_R1_vs_R2,natural_variability,4,Chest_to_LShoulder_rx,Chest_to_LShoulder,rx,0.005539750694067435,0.007672171050346058,0.0021324203562786232,0.08737907578514349,0.13166552796044292
651_T1_R1_vs_R2,natural_variability,4,Chest_to_LShoulder_ry,Chest_to_LShoulder,ry,0.043088113165565545,0.013020196639670042,-0.0300679165258955,0.08737907578514349,0.13166552796044292
651_T1_R1_vs_R2,natural_variability,4,Chest_to_LShoulder_rz,Chest_to_LShoulder,rz,0.02883210541431293,0.13210981848461564,0.10327771307030272,0.08737907578514349,0.13166552796044292
651_T1_R1_vs_R2,natural_variability,4,Chest_to_Neck_rx,Chest_to_Neck,rx,0.01159731031935059,0.027830458525246286,0.016233148205895696,0.08737907578514349,0.13166552796044292
651_T1_R1_vs_R2,natural_variability,4,Chest_to_Neck_ry,Chest_to_Neck,ry,0.03794318245012057,0.021407164923453816,-0.016536017526666755,0.08737907578514349,0.13166552796044292
651_T1_R1_vs_R2,natural_variability,4,Chest_to_Neck_rz,Chest_to_Neck,rz,0.003571600689697426,0.019914543417507646,0.01634294272781022,0.08737907578514349,0.13166552796044292
651_T1_R1_vs_R2,natural_variability,4,Chest_to_RShoulder_rx,Chest_to_RShoulder,rx,0.008930166326825627,0.03163889295885785,0.022708726632032224,0.08737907578514349,0.13166552796044292
651_T1_R1_vs_R2,natural_variability,4,Chest_to_RShoulder_ry,Chest_to_RShoulder,ry,0.049707737810731324,0.01003532295293607,-0.039672414857795255,0.08737907578514349,0.13166552796044292
651_T1_R1_vs_R2,natural_variability,4,Chest_to_RShoulder_rz,Chest_to_RShoulder,rz,0.000916460107657929,0.05237343374933779,0.05145697364167986,0.08737907578514349,0.13166552796044292
651_T1_R1_vs_R2,natural_variability,4,LFArm_to_LHand_rx,LFArm_to_LHand,rx,0.31714784282343855,0.39112685457099416,0.07397901174755561,0.08737907578514349,0.13166552796044292
651_T1_R1_vs_R2,natural_variability,4,LFArm_to_LHand_ry,LFArm_to_LHand,ry,0.32871612373372255,0.29592799621017024,-0.03278812752355231,0.08737907578514349,0.13166552796044292
651_T1_R1_vs_R2,natural_variability,4,LFArm_to_LHand_rz,LFArm_to_LHand,rz,0.258227802946544,0.0030532108671408715,-0.25517459207940313,0.08737907578514349,0.13166552796044292
651_T1_R1_vs_R2,natural_variability,4,LShin_to_LFoot_rx,LShin_to_LFoot,rx,0.005329035492263462,0.004004510072176854,-0.0013245254200866079,0.08737907578514349,0.13166552796044292
651_T1_R1_vs_R2,natural_variability,4,LShin_to_LFoot_ry,LShin_to_LFoot,ry,0.07123290111973571,0.07259494788708615,0.0013620467673504388,0.08737907578514349,0.13166552796044292
651_T1_R1_vs_R2,natural_variability,4,LShin_to_LFoot_rz,LShin_to_LFoot,rz,0.011478286462885009,0.019018791753278915,0.007540505290393906,0.08737907578514349,0.13166552796044292
651_T1_R1_vs_R2,natural_variability,4,LShoulder_to_LUArm_rx,LShoulder_to_LUArm,rx,0.10523780959883444,0.15391405220828616,0.04867624260945172,0.08737907578514349,0.13166552796044292
651_T1_R1_vs_R2,natural_variability,4,LShoulder_to_LUArm_ry,LShoulder_to_LUArm,ry,0.06855744746311236,0.025077850966580113,-0.04347959649653225,0.08737907578514349,0.13166552796044292
651_T1_R1_vs_R2,natural_variability,4,LShoulder_to_LUArm_rz,LShoulder_to_LUArm,rz,0.06411459392641247,0.23251758014659527,0.1684029862201828,0.08737907578514349,0.13166552796044292
651_T1_R1_vs_R2,natural_variability,4,LThigh_to_LShin_rx,LThigh_to_LShin,rx,0.02006721192227531,0.058084042510290694,0.03801683058801539,0.08737907578514349,0.13166552796044292
651_T1_R1_vs_R2,natural_variability,4,LThigh_to_LShin_ry,LThigh_to_LShin,ry,7.619690368225573e-10,1.257128197866265e-08,1.1809312941840093e-08,0.08737907578514349,0.13166552796044292
651_T1_R1_vs_R2,natural_variability,4,LThigh_to_LShin_rz,LThigh_to_LShin,rz,1.1942328952617835e-08,1.6008775461338026e-08,4.066446508720191e-09,0.08737907578514349,0.13166552796044292
651_T1_R1_vs_R2,natural_variability,4,LUArm_to_LFArm_rx,LUArm_to_LFArm,rx,0.4888968907515257,0.29438523627423857,-0.19451165447728713,0.08737907578514349,0.13166552796044292
651_T1_R1_vs_R2,natural_variability,4,LUArm_to_LFArm_ry,LUArm_to_LFArm,ry,0.13946264197841868,0.35066843137776926,0.21120578939935059,0.08737907578514349,0.13166552796044292
651_T1_R1_vs_R2,natural_variability,4,LUArm_to_LFArm_rz,LUArm_to_LFArm,rz,0.5237044941969695,0.3051905824966801,-0.21851391170028944,0.08737907578514349,0.13166552796044292
651_T1_R1_vs_R2,natural_variability,4,Neck_to_Head_rx,Neck_to_Head,rx,0.011597261805506407,0.027830465794860672,0.016233203989354267,0.08737907578514349,0.13166552796044292
651_T1_R1_vs_R2,natural_variability,4,Neck_to_Head_ry,Neck_to_Head,ry,0.037943208611612635,0.021407120049679814,-0.01653608856193282,0.08737907578514349,0.13166552796044292
651_T1_R1_vs_R2,natural_variability,4,Neck_to_Head_rz,Neck_to_Head,rz,0.0035715779502449017,0.019914495598412466,0.016342917648167563,0.08737907578514349,0.13166552796044292
651_T1_R1_vs_R2,natural_variability,4,RFArm_to_RHand_rx,RFArm_to_RHand,rx,0.06301605160417627,0.2335983685564291,0.17058231695225284,0.08737907578514349,0.13166552796044292
651_T1_R1_vs_R2,natural_variability,4,RFArm_to_RHand_ry,RFArm_to_RHand,ry,0.005361520907038444,0.14909445024943033,0.14373292934239187,0.08737907578514349,0.13166552796044292
651_T1_R1_vs_R2,natural_variability,4,RFArm_to_RHand_rz,RFArm_to_RHand,rz,0.30218934561538263,0.05395564620617966,-0.24823369940920298,0.08737907578514349,0.13166552796044292
651_T1_R1_vs_R2,natural_variability,4,RShin_to_RFoot_rx,RShin_to_RFoot,rx,0.005268107803461739,0.014362778857307275,0.009094671053845536,0.08737907578514349,0.13166552796044292
651_T1_R1_vs_R2,natural_variability,4,RShin_to_RFoot_ry,RShin_to_RFoot,ry,0.01969846681361008,0.05168910778065345,0.03199064096704337,0.08737907578514349,0.13166552796044292
651_T1_R1_vs_R2,natural_variability,4,RShin_to_RFoot_rz,RShin_to_RFoot,rz,0.013114246752521826,0.0130142552390533,-9.99915134685253e-05,0.08737907578514349,0.13166552796044292
651_T1_R1_vs_R2,natural_variability,4,RShoulder_to_RUArm_rx,RShoulder_to_RUArm,rx,0.07325031385542716,0.1967801857566335,0.12352987190120635,0.08737907578514349,0.13166552796044292
651_T1_R1_vs_R2,natural_variability,4,RShoulder_to_RUArm_ry,RShoulder_to_RUArm,ry,0.08908126958322128,0.038030626344161156,-0.051050643239060126,0.08737907578514349,0.13166552796044292
651_T1_R1_vs_R2,natural_variability,4,RShoulder_to_RUArm_rz,RShoulder_to_RUArm,rz,0.055039612188422876,0.07519983830845145,0.020160226120028574,0.08737907578514349,0.13166552796044292
651_T1_R1_vs_R2,natural_variability,4,RThigh_to_RShin_rx,RThigh_to_RShin,rx,0.07422247308322638,0.07699110885357618,0.0027686357703498032,0.08737907578514349,0.13166552796044292
651_T1_R1_vs_R2,natural_variability,4,RThigh_to_RShin_ry,RThigh_to_RShin,ry,2.216296676446547e-09,1.2798284787995538e-08,1.0581988111548991e-08,0.08737907578514349,0.13166552796044292
651_T1_R1_vs_R2,natural_variability,4,RThigh_to_RShin_rz,RThigh_to_RShin,rz,5.074219759143824e-09,3.481452442206968e-09,-1.5927673169368564e-09,0.08737907578514349,0.13166552796044292
651_T1_R1_vs_R2,natural_variability,4,RUArm_to_RFArm_rx,RUArm_to_RFArm,rx,0.023120046516938247,0.28613964791376584,0.26301960139682756,0.08737907578514349,0.13166552796044292
651_T1_R1_vs_R2,natural_variability,4,RUArm_to_RFArm_ry,RUArm_to_RFArm,ry,0.15350914652848624,0.12098685707562429,-0.03252228945286195,0.08737907578514349,0.13166552796044292
651_T1_R1_vs_R2,natural_variability,4,RUArm_to_RFArm_rz,RUArm_to_RFArm,rz,0.10649791209792762,0.3062359837351656,0.19973807163723795,0.08737907578514349,0.13166552796044292
651_T1_R1_vs_R2,natural_variability,5,651_to_Ab_rx,651_to_Ab,rx,0.010109639917808727,0.010968200246521564,0.0008585603287128377,0.07546649256847267,0.09727828557858391
651_T1_R1_vs_R2,natural_variability,5,651_to_Ab_ry,651_to_Ab,ry,0.02446951467438843,0.04203651744884587,0.017567002774457444,0.07546649256847267,0.09727828557858391
651_T1_R1_vs_R2,natural_variability,5,651_to_Ab_rz,651_to_Ab,rz,0.006113434305120382,0.0037110223340784394,-0.0024024119710419427,0.07546649256847267,0.09727828557858391
651_T1_R1_vs_R2,natural_variability,5,651_to_LThigh_rx,651_to_LThigh,rx,0.0034592657902187433,0.07086118366216439,0.06740191787194565,0.07546649256847267,0.09727828557858391
651_T1_R1_vs_R2,natural_variability,5,651_to_LThigh_ry,651_to_LThigh,ry,0.013823673875111088,0.0158863209872276,0.002062647112116513,0.07546649256847267,0.09727828557858391
651_T1_R1_vs_R2,natural_variability,5,651_to_LThigh_rz,651_to_LThigh,rz,0.04890980558062156,0.03983538054340222,-0.009074425037219336,0.07546649256847267,0.09727828557858391
651_T1_R1_vs_R2,natural_variability,5,651_to_RThigh_rx,651_to_RThigh,rx,0.04147255446442479,0.0163818388868002,-0.025090715577624594,0.07546649256847267,0.09727828557858391
651_T1_R1_vs_R2,natural_variability,5,651_to_RThigh_ry,651_to_RThigh,ry,0.008611895504705406,0.013312980827392946,0.0047010853226875406,0.07546649256847267,0.09727828557858391
651_T1_R1_vs_R2,natural_variability,5,651_to_RThigh_rz,651_to_RThigh,rz,0.041883031970417935,0.01713017737572907,-0.024752854594688865,0.07546649256847267,0.09727828557858391
651_T1_R1_vs_R2,natural_variability,5,Ab_to_Chest_rx,Ab_to_Chest,rx,0.010469625123448728,0.010554239449431927,8.461432598319898e-05,0.07546649256847267,0.09727828557858391
651_T1_R1_vs_R2,natural_variability,5,Ab_to_Chest_ry,Ab_to_Chest,ry,0.025253836720946866,0.042450643146784824,0.017196806425837957,0.07546649256847267,0.09727828557858391
651_T1_R1_vs_R2,natural_variability,5,Ab_to_Chest_rz,Ab_to_Chest,rz,0.03097882432937378,0.02128687643357253,-0.009691947895801252,0.07546649256847267,0.09727828557858391
651_T1_R1_vs_R2,natural_variability,5,Chest_to_LShoulder_rx,Chest_to_LShoulder,rx,0.0401089638989856,0.058100651664140864,0.017991687765155265,0.07546649256847267,0.09727828557858391
651_T1_R1_vs_R2,natural_variability,5,Chest_to_LShoulder_ry,Chest_to_LShoulder,ry,0.07246093752112431,0.08329419702741013,0.010833259506285817,0.07546649256847267,0.09727828557858391
651_T1_R1_vs_R2,natural_variability,5,Chest_to_LShoulder_rz,Chest_to_LShoulder,rz,0.08962534114197275,0.009463066963766685,-0.08016227417820607,0.07546649256847267,0.09727828557858391
651_T1_R1_vs_R2,natural_variability,5,Chest_to_Neck_rx,Chest_to_Neck,rx,0.010066193163660076,0.053780099743494736,0.04371390657983466,0.07546649256847267,0.09727828557858391
651_T1_R1_vs_R2,natural_variability,5,Chest_to_Neck_ry,Chest_to_Neck,ry,0.028100685706704546,0.05264990975640855,0.024549224049704003,0.07546649256847267,0.09727828557858391
651_T1_R1_vs_R2,natural_variability,5,Chest_to_Neck_rz,Chest_to_Neck,rz,0.009427306265527258,0.007812168457655721,-0.001615137807871537,0.07546649256847267,0.09727828557858391
651_T1_R1_vs_R2,natural_variability,5,Chest_to_RShoulder_rx,Chest_to_RShoulder,rx,0.04708147957089155,0.04250543855084749,-0.00457604102004406,0.07546649256847267,0.09727828557858391
651_T1_R1_vs_R2,natural_variability,5,Chest_to_RShoulder_ry,Chest_to_RShoulder,ry,0.06348867043436565,0.07471917566309869,0.011230505228733034,0.07546649256847267,0.09727828557858391
651_T1_R1_vs_R2,natural_variability,5,Chest_to_RShoulder_rz,Chest_to_RShoulder,rz,0.10865062959835155,0.08525328389904635,-0.023397345699305197,0.07546649256847267,0.09727828557858391
651_T1_R1_vs_R2,natural_variability,5,LFArm_to_LHand_rx,LFArm_to_LHand,rx,0.19056664275785354,0.12848912011143565,-0.06207752264641789,0.07546649256847267,0.09727828557858391
651_T1_R1_vs_R2,natural_variability,5,LFArm_to_LHand_ry,LFArm_to_LHand,ry,0.1608911467211625,0.10118733568689374,-0.059703811034268764,0.07546649256847267,0.09727828557858391
651_T1_R1_vs_R2,natural_variability,5,LFArm_to_LHand_rz,LFArm_to_LHand,rz,0.1370034084445148,0.3375299007000661,0.2005264922555513,0.07546649256847267,0.09727828557858391
651_T1_R1_vs_R2,natural_variability,5,LShin_to_LFoot_rx,LShin_to_LFoot,rx,0.009019038572839097,0.010482323481988578,0.0014632849091494801,0.07546649256847267,0.09727828557858391
651_T1_R1_vs_R2,natural_variability,5,LShin_to_LFoot_ry,LShin_to_LFoot,ry,0.09366202364930454,0.1151159209810158,0.02145389733171127,0.07546649256847267,0.09727828557858391
651_T1_R1_vs_R2,natural_variability,5,LShin_to_LFoot_rz,LShin_to_LFoot,rz,0.0050110852759114545,0.007999250516783676,0.0029881652408722216,0.07546649256847267,0.09727828557858391
651_T1_R1_vs_R2,natural_variability,5,LShoulder_to_LUArm_rx,LShoulder_to_LUArm,rx,0.16172542035813028,0.08586447452483766,-0.07586094583329263,0.07546649256847267,0.09727828557858391
651_T1_R1_vs_R2,natural_variability,5,LShoulder_to_LUArm_ry,LShoulder_to_LUArm,ry,0.18598300869645676,0.1960480563247024,0.010065047628245644,0.07546649256847267,0.09727828557858391
651_T1_R1_vs_R2,natural_variability,5,LShoulder_to_LUArm_rz,LShoulder_to_LUArm,rz,0.06794737264373057,0.13076999773039008,0.0628226250866595,0.07546649256847267,0.09727828557858391
651_T1_R1_vs_R2,natural_variability,5,LThigh_to_LShin_rx,LThigh_to_LShin,rx,0.0005300884689819994,0.07254412915893144,0.07201404068994943,0.07546649256847267,0.09727828557858391
651_T1_R1_vs_R2,natural_variability,5,LThigh_to_LShin_ry,LThigh_to_LShin,ry,7.0135868578615715e-09,3.176086816035862e-09,-3.83750004182571e-09,0.07546649256847267,0.09727828557858391
651_T1_R1_vs_R2,natural_variability,5,LThigh_to_LShin_rz,LThigh_to_LShin,rz,2.672194193679313e-08,1.9383137775156662e-08,-7.338804161636469e-09,0.07546649256847267,0.09727828557858391
651_T1_R1_vs_R2,natural_variability,5,LUArm_to_LFArm_rx,LUArm_to_LFArm,rx,0.035162401486025056,0.36451043019934803,0.32934802871332297,0.07546649256847267,0.09727828557858391
651_T1_R1_vs_R2,natural_variability,5,LUArm_to_LFArm_ry,LUArm_to_LFArm,ry,0.3053106118940037,0.25014337161273703,-0.05516724028126668,0.07546649256847267,0.09727828557858391
651_T1_R1_vs_R2,natural_variability,5,LUArm_to_LFArm_rz,LUArm_to_LFArm,rz,0.033379569556373494,0.36552408305404616,0.33214451349767266,0.07546649256847267,0.09727828557858391
651_T1_R1_vs_R2,natural_variability,5,Neck_to_Head_rx,Neck_to_Head,rx,0.01006616143188449,0.05378005610429202,0.04371389467240753,0.07546649256847267,0.09727828557858391
651_T1_R1_vs_R2,natural_variability,5,Neck_to_Head_ry,Neck_to_Head,ry,0.028100649230797012,0.05264989974006141,0.024549250509264396,0.07546649256847267,0.09727828557858391
651_T1_R1_vs_R2,natural_variability,5,Neck_to_Head_rz,Neck_to_Head,rz,0.009427255858762593,0.007812197132585128,-0.0016150587261774653,0.07546649256847267,0.09727828557858391
651_T1_R1_vs_R2,natural_variability,5,RFArm_to_RHand_rx,RFArm_to_RHand,rx,0.3146247451811246,0.19095260691289528,-0.12367213826822931,0.07546649256847267,0.09727828557858391
651_T1_R1_vs_R2,natural_variability,5,RFArm_to_RHand_ry,RFArm_to_RHand,ry,0.26496451506820246,0.18936449649072606,-0.07560001857747639,0.07546649256847267,0.09727828557858391
651_T1_R1_vs_R2,natural_variability,5,RFArm_to_RHand_rz,RFArm_to_RHand,rz,0.17615381268907432,0.2519455510099978,0.07579173832092351,0.07546649256847267,0.09727828557858391
651_T1_R1_vs_R2,natural_variability,5,RShin_to_RFoot_rx,RShin_to_RFoot,rx,0.0005938317436299816,0.019550043465499628,0.018956211721869648,0.07546649256847267,0.09727828557858391
651_T1_R1_vs_R2,natural_variability,5,RShin_to_RFoot_ry,RShin_to_RFoot,ry,0.06499791884103885,0.09464081194555352,0.029642893104514664,0.07546649256847267,0.09727828557858391
651_T1_R1_vs_R2,natural_variability,5,RShin_to_RFoot_rz,RShin_to_RFoot,rz,0.0038409183674744806,0.0066103804265317005,0.00276946205905722,0.07546649256847267,0.09727828557858391
651_T1_R1_vs_R2,natural_variability,5,RShoulder_to_RUArm_rx,RShoulder_to_RUArm,rx,0.261958990230604,0.16622024731270507,-0.09573874291789891,0.07546649256847267,0.09727828557858391
651_T1_R1_vs_R2,natural_variability,5,RShoulder_to_RUArm_ry,RShoulder_to_RUArm,ry,0.04775316331692195,0.1158504514474414,0.06809728813051945,0.07546649256847267,0.09727828557858391
651_T1_R1_vs_R2,natural_variability,5,RShoulder_to_RUArm_rz,RShoulder_to_RUArm,rz,0.12654467698376415,0.07224390536773169,-0.05430077161603246,0.07546649256847267,0.09727828557858391
651_T1_R1_vs_R2,natural_variability,5,RThigh_to_RShin_rx,RThigh_to_RShin,rx,0.005506104786392237,0.05926611170042775,0.05376000691403551,0.07546649256847267,0.09727828557858391
651_T1_R1_vs_R2,natural_variability,5,RThigh_to_RShin_ry,RThigh_to_RShin,ry,5.417052284375323e-09,4.607667230121735e-09,-8.09385054253588e-10,0.07546649256847267,0.09727828557858391
651_T1_R1_vs_R2,natural_variability,5,RThigh_to_RShin_rz,RThigh_to_RShin,rz,7.889553195400473e-09,8.824855945946521e-09,9.353027505460479e-10,0.07546649256847267,0.09727828557858391
651_T1_R1_vs_R2,natural_variability,5,RUArm_to_RFArm_rx,RUArm_to_RFArm,rx,0.43172369657090104,0.2465952728790981,-0.18512842369180293,0.07546649256847267,0.09727828557858391
651_T1_R1_vs_R2,natural_variability,5,RUArm_to_RFArm_ry,RUArm_to_RFArm,ry,0.0983783894871699,0.26034311175995273,0.16196472227278283,0.07546649256847267,0.09727828557858391
651_T1_R1_vs_R2,natural_variability,5,RUArm_to_RFArm_rz,RUArm_to_RFArm,rz,0.4671765406699671,0.27704021638145704,-0.19013632428851007,0.07546649256847267,0.09727828557858391
651_T1_R1_vs_R2,natural_variability,6,651_to_Ab_rx,651_to_Ab,rx,0.0380859710009154,0.030767028185315317,-0.007318942815600086,0.040091450608315184,0.041166194227097566
651_T1_R1_vs_R2,natural_variability,6,651_to_Ab_ry,651_to_Ab,ry,0.04211754021922833,0.045144640981761214,0.003027100762532882,0.040091450608315184,0.041166194227097566
651_T1_R1_vs_R2,natural_variability,6,651_to_Ab_rz,651_to_Ab,rz,0.003916031030058869,0.0031616103377453747,-0.0007544206923134943,0.040091450608315184,0.041166194227097566
651_T1_R1_vs_R2,natural_variability,6,651_to_LThigh_rx,651_to_LThigh,rx,0.16323263466316354,0.1435570340357607,-0.01967560062740284,0.040091450608315184,0.041166194227097566
651_T1_R1_vs_R2,natural_variability,6,651_to_LThigh_ry,651_to_LThigh,ry,0.0126263035863236,0.011963644778529724,-0.0006626588077938752,0.040091450608315184,0.041166194227097566
651_T1_R1_vs_R2,natural_variability,6,651_to_LThigh_rz,651_to_LThigh,rz,0.04764047586976746,0.03835175935480411,-0.009288716514963352,0.040091450608315184,0.041166194227097566
651_T1_R1_vs_R2,natural_variability,6,651_to_RThigh_rx,651_to_RThigh,rx,0.09547099158552567,0.06387691334893933,-0.031594078236586345,0.040091450608315184,0.041166194227097566
651_T1_R1_vs_R2,natural_variability,6,651_to_RThigh_ry,651_to_RThigh,ry,0.04879212472845633,0.04830243419931003,-0.0004896905291462972,0.040091450608315184,0.041166194227097566
651_T1_R1_vs_R2,natural_variability,6,651_to_RThigh_rz,651_to_RThigh,rz,0.029146620275473826,0.0320030371272527,0.0028564168517788736,0.040091450608315184,0.041166194227097566
651_T1_R1_vs_R2,natural_variability,6,Ab_to_Chest_rx,Ab_to_Chest,rx,0.0371652189177937,0.029870758349327398,-0.007294460568466304,0.040091450608315184,0.041166194227097566
651_T1_R1_vs_R2,natural_variability,6,Ab_to_Chest_ry,Ab_to_Chest,ry,0.04215277143138528,0.045120008156382826,0.002967236724997546,0.040091450608315184,0.041166194227097566
651_T1_R1_vs_R2,natural_variability,6,Ab_to_Chest_rz,Ab_to_Chest,rz,0.017795439149068552,0.01469746830459076,-0.0030979708444777918,0.040091450608315184,0.041166194227097566
651_T1_R1_vs_R2,natural_variability,6,Chest_to_LShoulder_rx,Chest_to_LShoulder,rx,0.011981388817453196,0.005609012137824125,-0.006372376679629071,0.040091450608315184,0.041166194227097566
651_T1_R1_vs_R2,natural_variability,6,Chest_to_LShoulder_ry,Chest_to_LShoulder,ry,0.0866368228309982,0.09621332957573261,0.009576506744734412,0.040091450608315184,0.041166194227097566
651_T1_R1_vs_R2,natural_variability,6,Chest_to_LShoulder_rz,Chest_to_LShoulder,rz,0.014556937239078905,0.012309968223482353,-0.0022469690155965515,0.040091450608315184,0.041166194227097566
651_T1_R1_vs_R2,natural_variability,6,Chest_to_Neck_rx,Chest_to_Neck,rx,0.10324279127896313,0.09013553332282717,-0.01310725795613596,0.040091450608315184,0.041166194227097566
651_T1_R1_vs_R2,natural_variability,6,Chest_to_Neck_ry,Chest_to_Neck,ry,0.06653146139826441,0.07413532302115168,0.007603861622887273,0.040091450608315184,0.041166194227097566
651_T1_R1_vs_R2,natural_variability,6,Chest_to_Neck_rz,Chest_to_Neck,rz,0.010416066708213954,0.00856646344901471,-0.0018496032591992437,0.040091450608315184,0.041166194227097566
651_T1_R1_vs_R2,natural_variability,6,Chest_to_RShoulder_rx,Chest_to_RShoulder,rx,0.05517864036917932,0.052541222836962165,-0.0026374175322171553,0.040091450608315184,0.041166194227097566
651_T1_R1_vs_R2,natural_variability,6,Chest_to_RShoulder_ry,Chest_to_RShoulder,ry,0.055090047485247595,0.06525426579768667,0.010164218312439077,0.040091450608315184,0.041166194227097566
651_T1_R1_vs_R2,natural_variability,6,Chest_to_RShoulder_rz,Chest_to_RShoulder,rz,0.014794270888478159,0.014020897216299335,-0.0007733736721788238,0.040091450608315184,0.041166194227097566
651_T1_R1_vs_R2,natural_variability,6,LFArm_to_LHand_rx,LFArm_to_LHand,rx,0.3404429026910558,0.31685664781165923,-0.023586254879396584,0.040091450608315184,0.041166194227097566
651_T1_R1_vs_R2,natural_variability,6,LFArm_to_LHand_ry,LFArm_to_LHand,ry,0.09527798279959432,0.07479051224731896,-0.020487470552275358,0.040091450608315184,0.041166194227097566
651_T1_R1_vs_R2,natural_variability,6,LFArm_to_LHand_rz,LFArm_to_LHand,rz,0.3294706143475308,0.32385967232643603,-0.005610942021094745,0.040091450608315184,0.041166194227097566
651_T1_R1_vs_R2,natural_variability,6,LShin_to_LFoot_rx,LShin_to_LFoot,rx,0.027633768956732772,0.023795726188331943,-0.003838042768400829,0.040091450608315184,0.041166194227097566
651_T1_R1_vs_R2,natural_variability,6,LShin_to_LFoot_ry,LShin_to_LFoot,ry,0.1334161608896265,0.13805134886062193,0.004635187970995436,0.040091450608315184,0.041166194227097566
651_T1_R1_vs_R2,natural_variability,6,LShin_to_LFoot_rz,LShin_to_LFoot,rz,0.028022014006658866,0.020164005752063317,-0.00785800825459555,0.040091450608315184,0.041166194227097566
651_T1_R1_vs_R2,natural_variability,6,LShoulder_to_LUArm_rx,LShoulder_to_LUArm,rx,0.050444422643134104,0.03314781227743027,-0.017296610365703832,0.040091450608315184,0.041166194227097566
651_T1_R1_vs_R2,natural_variability,6,LShoulder_to_LUArm_ry,LShoulder_to_LUArm,ry,0.22221910434848394,0.26222405901848994,0.040004954670006004,0.040091450608315184,0.041166194227097566
651_T1_R1_vs_R2,natural_variability,6,LShoulder_to_LUArm_rz,LShoulder_to_LUArm,rz,0.024876479896559237,0.050313160305913505,0.02543668040935427,0.040091450608315184,0.041166194227097566
651_T1_R1_vs_R2,natural_variability,6,LThigh_to_LShin_rx,LThigh_to_LShin,rx,0.18649850870368387,0.16082707418199013,-0.025671434521693737,0.040091450608315184,0.041166194227097566
651_T1_R1_vs_R2,natural_variability,6,LThigh_to_LShin_ry,LThigh_to_LShin,ry,2.454350673588821e-08,2.5310327551483906e-08,7.66820815595695e-10,0.040091450608315184,0.041166194227097566
651_T1_R1_vs_R2,natural_variability,6,LThigh_to_LShin_rz,LThigh_to_LShin,rz,1.0430049422856986e-08,1.4044478125424149e-08,3.6144287025671628e-09,0.040091450608315184,0.041166194227097566
651_T1_R1_vs_R2,natural_variability,6,LUArm_to_LFArm_rx,LUArm_to_LFArm,rx,0.0367537980444707,0.010642393804655433,-0.02611140423981527,0.040091450608315184,0.041166194227097566
651_T1_R1_vs_R2,natural_variability,6,LUArm_to_LFArm_ry,LUArm_to_LFArm,ry,0.37031232809287085,0.41064885023949743,0.040336522146626586,0.040091450608315184,0.041166194227097566
651_T1_R1_vs_R2,natural_variability,6,LUArm_to_LFArm_rz,LUArm_to_LFArm,rz,0.06905253471493857,0.04676520632130528,-0.022287328393633288,0.040091450608315184,0.041166194227097566
651_T1_R1_vs_R2,natural_variability,6,Neck_to_Head_rx,Neck_to_Head,rx,0.10324280822004298,0.09013555066080417,-0.013107257559238805,0.040091450608315184,0.041166194227097566
651_T1_R1_vs_R2,natural_variability,6,Neck_to_Head_ry,Neck_to_Head,ry,0.0665314239016372,0.07413528960916801,0.007603865707530813,0.040091450608315184,0.041166194227097566
651_T1_R1_vs_R2,natural_variability,6,Neck_to_Head_rz,Neck_to_Head,rz,0.0104160855286533,0.0085664799883014,-0.001849605540351901,0.040091450608315184,0.041166194227097566
651_T1_R1_vs_R2,natural_variability,6,RFArm_to_RHand_rx,RFArm_to_RHand,rx,0.2454295417396486,0.27004685815581625,0.024617316416167656,0.040091450608315184,0.041166194227097566
651_T1_R1_vs_R2,natural_variability,6,RFArm_to_RHand_ry,RFArm_to_RHand,ry,0.08918260225334022,0.13562459160936596,0.04644198935602574,0.040091450608315184,0.041166194227097566
651_T1_R1_vs_R2,natural_variability,6,RFArm_to_RHand_rz,RFArm_to_RHand,rz,0.3258567681190756,0.22655053170597375,-0.09930623641310185,0.040091450608315184,0.041166194227097566
651_T1_R1_vs_R2,natural_variability,6,RShin_to_RFoot_rx,RShin_to_RFoot,rx,0.061628641013664526,0.05440218614719971,-0.007226454866464817,0.040091450608315184,0.041166194227097566
651_T1_R1_vs_R2,natural_variability,6,RShin_to_RFoot_ry,RShin_to_RFoot,ry,0.2339918007745283,0.22948210141465686,-0.004509699359871444,0.040091450608315184,0.041166194227097566
651_T1_R1_vs_R2,natural_variability,6,RShin_to_RFoot_rz,RShin_to_RFoot,rz,0.018779228175437503,0.014320978276415692,-0.004458249899021811,0.040091450608315184,0.041166194227097566
651_T1_R1_vs_R2,natural_variability,6,RShoulder_to_RUArm_rx,RShoulder_to_RUArm,rx,0.25065695092191537,0.26280590773370127,0.012148956811785905,0.040091450608315184,0.041166194227097566
651_T1_R1_vs_R2,natural_variability,6,RShoulder_to_RUArm_ry,RShoulder_to_RUArm,ry,0.0042324615366357825,0.01668078658581329,0.012448325049177507,0.040091450608315184,0.041166194227097566
651_T1_R1_vs_R2,natural_variability,6,RShoulder_to_RUArm_rz,RShoulder_to_RUArm,rz,0.01999690574664168,0.018666285308319965,-0.0013306204383217168,0.040091450608315184,0.041166194227097566
651_T1_R1_vs_R2,natural_variability,6,RThigh_to_RShin_rx,RThigh_to_RShin,rx,0.23921836533207338,0.1924819128199079,-0.04673645251216549,0.040091450608315184,0.041166194227097566
651_T1_R1_vs_R2,natural_variability,6,RThigh_to_RShin_ry,RThigh_to_RShin,ry,1.0192076575954784e-08,7.862833632444885e-09,-2.329242943509899e-09,0.040091450608315184,0.041166194227097566
651_T1_R1_vs_R2,natural_variability,6,RThigh_to_RShin_rz,RThigh_to_RShin,rz,1.909983260131977e-09,3.562367973882842e-10,-1.553746462743693e-09,0.040091450608315184,0.041166194227097566
651_T1_R1_vs_R2,natural_variability,6,RUArm_to_RFArm_rx,RUArm_to_RFArm,rx,0.10868179390704623,0.18923675702191292,0.08055496311486669,0.040091450608315184,0.041166194227097566
651_T1_R1_vs_R2,natural_variability,6,RUArm_to_RFArm_ry,RUArm_to_RFArm,ry,0.13814559239874202,0.07131856351776034,-0.06682702888098169,0.040091450608315184,0.041166194227097566
651_T1_R1_vs_R2,natural_variability,6,RUArm_to_RFArm_rz,RUArm_to_RFArm,rz,0.19804100842664615,0.27193664448051863,0.07389563605387248,0.040091450608315184,0.041166194227097566
